Time = 0.01
0,0,0,0,0,0,
0,5.67206,9.17759,9.17759,5.67206,0,
0,9.17759,14.8497,14.8497,9.17759,0,
0,9.17759,14.8497,14.8497,9.17759,0,
0,5.67206,9.17759,9.17759,5.67206,0,
0,0,0,0,0,0
Time = 1
0,0,0,0,0,0,
0,1.84858e-08,2.99106e-08,2.99106e-08,1.84858e-08,0,
0,2.99106e-08,4.83964e-08,4.83964e-08,2.99106e-08,0,
0,2.99106e-08,4.83964e-08,4.83964e-08,2.99106e-08,0,
0,1.84858e-08,2.99106e-08,2.99106e-08,1.84858e-08,0,
0,0,0,0,0,0
Time = 2
0,0,0,0,0,0,
0,4.94548e-17,8.00195e-17,8.00195e-17,4.94548e-17,0,
0,8.00195e-17,1.29474e-16,1.29474e-16,8.00195e-17,0,
0,8.00195e-17,1.29474e-16,1.29474e-16,8.00195e-17,0,
0,4.94548e-17,8.00195e-17,8.00195e-17,4.94548e-17,0,
0,0,0,0,0,0
Time = 3
0,0,0,0,0,0,
0,1.32306e-25,2.14075e-25,2.14075e-25,1.32306e-25,0,
0,2.14075e-25,3.46381e-25,3.46381e-25,2.14075e-25,0,
0,2.14075e-25,3.46381e-25,3.46381e-25,2.14075e-25,0,
0,1.32306e-25,2.14075e-25,2.14075e-25,1.32306e-25,0,
0,0,0,0,0,0
Time = 4
0,0,0,0,0,0,
0,3.53956e-34,5.72713e-34,5.72713e-34,3.53956e-34,0,
0,5.72713e-34,9.26669e-34,9.26669e-34,5.72713e-34,0,
0,5.72713e-34,9.26669e-34,9.26669e-34,5.72713e-34,0,
0,3.53956e-34,5.72713e-34,5.72713e-34,3.53956e-34,0,
0,0,0,0,0,0
Time = 5
0,0,0,0,0,0,
0,9.46935e-43,1.53217e-42,1.53217e-42,9.46935e-43,0,
0,1.53217e-42,2.47911e-42,2.47911e-42,1.53217e-42,0,
0,1.53217e-42,2.47911e-42,2.47911e-42,1.53217e-42,0,
0,9.46935e-43,1.53217e-42,1.53217e-42,9.46935e-43,0,
0,0,0,0,0,0
Time = 6
0,0,0,0,0,0,
0,2.53332e-51,4.099e-51,4.099e-51,2.53332e-51,0,
0,4.099e-51,6.63233e-51,6.63233e-51,4.099e-51,0,
0,4.099e-51,6.63233e-51,6.63233e-51,4.099e-51,0,
0,2.53332e-51,4.099e-51,4.099e-51,2.53332e-51,0,
0,0,0,0,0,0
Time = 7
0,0,0,0,0,0,
0,6.77737e-60,1.0966e-59,1.0966e-59,6.77737e-60,0,
0,1.0966e-59,1.77434e-59,1.77434e-59,1.0966e-59,0,
0,1.0966e-59,1.77434e-59,1.77434e-59,1.0966e-59,0,
0,6.77737e-60,1.0966e-59,1.0966e-59,6.77737e-60,0,
0,0,0,0,0,0
Time = 8
0,0,0,0,0,0,
0,1.81314e-68,2.93372e-68,2.93372e-68,1.81314e-68,0,
0,2.93372e-68,4.74687e-68,4.74687e-68,2.93372e-68,0,
0,2.93372e-68,4.74687e-68,4.74687e-68,2.93372e-68,0,
0,1.81314e-68,2.93372e-68,2.93372e-68,1.81314e-68,0,
0,0,0,0,0,0
Time = 9
0,0,0,0,0,0,
0,4.85068e-77,7.84856e-77,7.84856e-77,4.85068e-77,0,
0,7.84856e-77,1.26992e-76,1.26992e-76,7.84856e-77,0,
0,7.84856e-77,1.26992e-76,1.26992e-76,7.84856e-77,0,
0,4.85068e-77,7.84856e-77,7.84856e-77,4.85068e-77,0,
0,0,0,0,0,0
