Time = 0.04
0,0,0,0,0,0,0,0,0,0,0,
0,0.665775,0.411472,-0.411472,-0.665775,-1.7146e-16,0.665775,0.411472,-0.411472,-0.665775,0,
0,0.411472,0.254304,-0.254304,-0.411472,-1.05968e-16,0.411472,0.254304,-0.254304,-0.411472,0,
0,-0.411472,-0.254304,0.254304,0.411472,1.05968e-16,-0.411472,-0.254304,0.254304,0.411472,0,
0,-0.665775,-0.411472,0.411472,0.665775,1.7146e-16,-0.665775,-0.411472,0.411472,0.665775,0,
0,-1.7146e-16,-1.05968e-16,1.05968e-16,1.7146e-16,4.41567e-32,-1.7146e-16,-1.05968e-16,1.05968e-16,1.7146e-16,0,
0,0.665775,0.411472,-0.411472,-0.665775,-1.7146e-16,0.665775,0.411472,-0.411472,-0.665775,0,
0,0.411472,0.254304,-0.254304,-0.411472,-1.05968e-16,0.411472,0.254304,-0.254304,-0.411472,0,
0,-0.411472,-0.254304,0.254304,0.411472,1.05968e-16,-0.411472,-0.254304,0.254304,0.411472,0,
0,-0.665775,-0.411472,0.411472,0.665775,1.7146e-16,-0.665775,-0.411472,0.411472,0.665775,0,
0,0,0,0,0,0,0,0,0,0,0
Time = 0.4
0,0,0,0,0,0,0,0,0,0,0,
0,0.000545985,0.000337438,-0.000337438,-0.000545985,-1.4061e-19,0.000545985,0.000337438,-0.000337438,-0.000545985,0,
0,0.000337438,0.000208548,-0.000208548,-0.000337438,-8.69016e-20,0.000337438,0.000208548,-0.000208548,-0.000337438,0,
0,-0.000337438,-0.000208548,0.000208548,0.000337438,8.69016e-20,-0.000337438,-0.000208548,0.000208548,0.000337438,0,
0,-0.000545985,-0.000337438,0.000337438,0.000545985,1.4061e-19,-0.000545985,-0.000337438,0.000337438,0.000545985,0,
0,-1.4061e-19,-8.69016e-20,8.69016e-20,1.4061e-19,3.62118e-35,-1.4061e-19,-8.69016e-20,8.69016e-20,1.4061e-19,0,
0,0.000545985,0.000337438,-0.000337438,-0.000545985,-1.4061e-19,0.000545985,0.000337438,-0.000337438,-0.000545985,0,
0,0.000337438,0.000208548,-0.000208548,-0.000337438,-8.69016e-20,0.000337438,0.000208548,-0.000208548,-0.000337438,0,
0,-0.000337438,-0.000208548,0.000208548,0.000337438,8.69016e-20,-0.000337438,-0.000208548,0.000208548,0.000337438,0,
0,-0.000545985,-0.000337438,0.000337438,0.000545985,1.4061e-19,-0.000545985,-0.000337438,0.000337438,0.000545985,0,
0,0,0,0,0,0,0,0,0,0,0
Time = 0.8
0,0,0,0,0,0,0,0,0,0,0,
0,2.03296e-07,1.25644e-07,-1.25644e-07,-2.03296e-07,-5.23557e-23,2.03296e-07,1.25644e-07,-1.25644e-07,-2.03296e-07,0,
0,1.25644e-07,7.76522e-08,-7.76522e-08,-1.25644e-07,-3.23576e-23,1.25644e-07,7.76522e-08,-7.76522e-08,-1.25644e-07,0,
0,-1.25644e-07,-7.76522e-08,7.76522e-08,1.25644e-07,3.23576e-23,-1.25644e-07,-7.76522e-08,7.76522e-08,1.25644e-07,0,
0,-2.03296e-07,-1.25644e-07,1.25644e-07,2.03296e-07,5.23557e-23,-2.03296e-07,-1.25644e-07,1.25644e-07,2.03296e-07,0,
0,-5.23557e-23,-3.23576e-23,3.23576e-23,5.23557e-23,1.34834e-38,-5.23557e-23,-3.23576e-23,3.23576e-23,5.23557e-23,0,
0,2.03296e-07,1.25644e-07,-1.25644e-07,-2.03296e-07,-5.23557e-23,2.03296e-07,1.25644e-07,-1.25644e-07,-2.03296e-07,0,
0,1.25644e-07,7.76522e-08,-7.76522e-08,-1.25644e-07,-3.23576e-23,1.25644e-07,7.76522e-08,-7.76522e-08,-1.25644e-07,0,
0,-1.25644e-07,-7.76522e-08,7.76522e-08,1.25644e-07,3.23576e-23,-1.25644e-07,-7.76522e-08,7.76522e-08,1.25644e-07,0,
0,-2.03296e-07,-1.25644e-07,1.25644e-07,2.03296e-07,5.23557e-23,-2.03296e-07,-1.25644e-07,1.25644e-07,2.03296e-07,0,
0,0,0,0,0,0,0,0,0,0,0
Time = 1.2
0,0,0,0,0,0,0,0,0,0,0,
0,7.56968e-11,4.67832e-11,-4.67832e-11,-7.56968e-11,-1.94945e-26,7.56968e-11,4.67832e-11,-4.67832e-11,-7.56968e-11,0,
0,4.67832e-11,2.89136e-11,-2.89136e-11,-4.67832e-11,-1.20483e-26,4.67832e-11,2.89136e-11,-2.89136e-11,-4.67832e-11,0,
0,-4.67832e-11,-2.89136e-11,2.89136e-11,4.67832e-11,1.20483e-26,-4.67832e-11,-2.89136e-11,2.89136e-11,4.67832e-11,0,
0,-7.56968e-11,-4.67832e-11,4.67832e-11,7.56968e-11,1.94945e-26,-7.56968e-11,-4.67832e-11,4.67832e-11,7.56968e-11,0,
0,-1.94945e-26,-1.20483e-26,1.20483e-26,1.94945e-26,5.0205e-42,-1.94945e-26,-1.20483e-26,1.20483e-26,1.94945e-26,0,
0,7.56968e-11,4.67832e-11,-4.67832e-11,-7.56968e-11,-1.94945e-26,7.56968e-11,4.67832e-11,-4.67832e-11,-7.56968e-11,0,
0,4.67832e-11,2.89136e-11,-2.89136e-11,-4.67832e-11,-1.20483e-26,4.67832e-11,2.89136e-11,-2.89136e-11,-4.67832e-11,0,
0,-4.67832e-11,-2.89136e-11,2.89136e-11,4.67832e-11,1.20483e-26,-4.67832e-11,-2.89136e-11,2.89136e-11,4.67832e-11,0,
0,-7.56968e-11,-4.67832e-11,4.67832e-11,7.56968e-11,1.94945e-26,-7.56968e-11,-4.67832e-11,4.67832e-11,7.56968e-11,0,
0,0,0,0,0,0,0,0,0,0,0
Time = 1.6
0,0,0,0,0,0,0,0,0,0,0,
0,2.81855e-14,1.74196e-14,-1.74196e-14,-2.81855e-14,-7.25872e-30,2.81855e-14,1.74196e-14,-1.74196e-14,-2.81855e-14,0,
0,1.74196e-14,1.07659e-14,-1.07659e-14,-1.74196e-14,-4.48614e-30,1.74196e-14,1.07659e-14,-1.07659e-14,-1.74196e-14,0,
0,-1.74196e-14,-1.07659e-14,1.07659e-14,1.74196e-14,4.48614e-30,-1.74196e-14,-1.07659e-14,1.07659e-14,1.74196e-14,0,
0,-2.81855e-14,-1.74196e-14,1.74196e-14,2.81855e-14,7.25872e-30,-2.81855e-14,-1.74196e-14,1.74196e-14,2.81855e-14,0,
0,-7.25872e-30,-4.48614e-30,4.48614e-30,7.25872e-30,1.86937e-45,-7.25872e-30,-4.48614e-30,4.48614e-30,7.25872e-30,0,
0,2.81855e-14,1.74196e-14,-1.74196e-14,-2.81855e-14,-7.25872e-30,2.81855e-14,1.74196e-14,-1.74196e-14,-2.81855e-14,0,
0,1.74196e-14,1.07659e-14,-1.07659e-14,-1.74196e-14,-4.48614e-30,1.74196e-14,1.07659e-14,-1.07659e-14,-1.74196e-14,0,
0,-1.74196e-14,-1.07659e-14,1.07659e-14,1.74196e-14,4.48614e-30,-1.74196e-14,-1.07659e-14,1.07659e-14,1.74196e-14,0,
0,-2.81855e-14,-1.74196e-14,1.74196e-14,2.81855e-14,7.25872e-30,-2.81855e-14,-1.74196e-14,1.74196e-14,2.81855e-14,0,
0,0,0,0,0,0,0,0,0,0,0
Time = 2
0,0,0,0,0,0,0,0,0,0,0,
0,1.04948e-17,6.48614e-18,-6.48614e-18,-1.04948e-17,-2.70277e-33,1.04948e-17,6.48614e-18,-6.48614e-18,-1.04948e-17,0,
0,6.48614e-18,4.00866e-18,-4.00866e-18,-6.48614e-18,-1.6704e-33,6.48614e-18,4.00866e-18,-4.00866e-18,-6.48614e-18,0,
0,-6.48614e-18,-4.00866e-18,4.00866e-18,6.48614e-18,1.6704e-33,-6.48614e-18,-4.00866e-18,4.00866e-18,6.48614e-18,0,
0,-1.04948e-17,-6.48614e-18,6.48614e-18,1.04948e-17,2.70277e-33,-1.04948e-17,-6.48614e-18,6.48614e-18,1.04948e-17,0,
0,-2.70277e-33,-1.6704e-33,1.6704e-33,2.70277e-33,6.96054e-49,-2.70277e-33,-1.6704e-33,1.6704e-33,2.70277e-33,0,
0,1.04948e-17,6.48614e-18,-6.48614e-18,-1.04948e-17,-2.70277e-33,1.04948e-17,6.48614e-18,-6.48614e-18,-1.04948e-17,0,
0,6.48614e-18,4.00866e-18,-4.00866e-18,-6.48614e-18,-1.6704e-33,6.48614e-18,4.00866e-18,-4.00866e-18,-6.48614e-18,0,
0,-6.48614e-18,-4.00866e-18,4.00866e-18,6.48614e-18,1.6704e-33,-6.48614e-18,-4.00866e-18,4.00866e-18,6.48614e-18,0,
0,-1.04948e-17,-6.48614e-18,6.48614e-18,1.04948e-17,2.70277e-33,-1.04948e-17,-6.48614e-18,6.48614e-18,1.04948e-17,0,
0,0,0,0,0,0,0,0,0,0,0
Time = 2.4
0,0,0,0,0,0,0,0,0,0,0,
0,3.90771e-21,2.4151e-21,-2.4151e-21,-3.90771e-21,-1.00637e-36,3.90771e-21,2.4151e-21,-2.4151e-21,-3.90771e-21,0,
0,2.4151e-21,1.49261e-21,-1.49261e-21,-2.4151e-21,-6.21969e-37,2.4151e-21,1.49261e-21,-1.49261e-21,-2.4151e-21,0,
0,-2.4151e-21,-1.49261e-21,1.49261e-21,2.4151e-21,6.21969e-37,-2.4151e-21,-1.49261e-21,1.49261e-21,2.4151e-21,0,
0,-3.90771e-21,-2.4151e-21,2.4151e-21,3.90771e-21,1.00637e-36,-3.90771e-21,-2.4151e-21,2.4151e-21,3.90771e-21,0,
0,-1.00637e-36,-6.21969e-37,6.21969e-37,1.00637e-36,2.59174e-52,-1.00637e-36,-6.21969e-37,6.21969e-37,1.00637e-36,0,
0,3.90771e-21,2.4151e-21,-2.4151e-21,-3.90771e-21,-1.00637e-36,3.90771e-21,2.4151e-21,-2.4151e-21,-3.90771e-21,0,
0,2.4151e-21,1.49261e-21,-1.49261e-21,-2.4151e-21,-6.21969e-37,2.4151e-21,1.49261e-21,-1.49261e-21,-2.4151e-21,0,
0,-2.4151e-21,-1.49261e-21,1.49261e-21,2.4151e-21,6.21969e-37,-2.4151e-21,-1.49261e-21,1.49261e-21,2.4151e-21,0,
0,-3.90771e-21,-2.4151e-21,2.4151e-21,3.90771e-21,1.00637e-36,-3.90771e-21,-2.4151e-21,2.4151e-21,3.90771e-21,0,
0,0,0,0,0,0,0,0,0,0,0
Time = 2.8
0,0,0,0,0,0,0,0,0,0,0,
0,1.45502e-24,8.99255e-25,-8.99255e-25,-1.45502e-24,-3.74718e-40,1.45502e-24,8.99255e-25,-8.99255e-25,-1.45502e-24,0,
0,8.99255e-25,5.5577e-25,-5.5577e-25,-8.99255e-25,-2.31589e-40,8.99255e-25,5.5577e-25,-5.5577e-25,-8.99255e-25,0,
0,-8.99255e-25,-5.5577e-25,5.5577e-25,8.99255e-25,2.31589e-40,-8.99255e-25,-5.5577e-25,5.5577e-25,8.99255e-25,0,
0,-1.45502e-24,-8.99255e-25,8.99255e-25,1.45502e-24,3.74718e-40,-1.45502e-24,-8.99255e-25,8.99255e-25,1.45502e-24,0,
0,-3.74718e-40,-2.31589e-40,2.31589e-40,3.74718e-40,9.65027e-56,-3.74718e-40,-2.31589e-40,2.31589e-40,3.74718e-40,0,
0,1.45502e-24,8.99255e-25,-8.99255e-25,-1.45502e-24,-3.74718e-40,1.45502e-24,8.99255e-25,-8.99255e-25,-1.45502e-24,0,
0,8.99255e-25,5.5577e-25,-5.5577e-25,-8.99255e-25,-2.31589e-40,8.99255e-25,5.5577e-25,-5.5577e-25,-8.99255e-25,0,
0,-8.99255e-25,-5.5577e-25,5.5577e-25,8.99255e-25,2.31589e-40,-8.99255e-25,-5.5577e-25,5.5577e-25,8.99255e-25,0,
0,-1.45502e-24,-8.99255e-25,8.99255e-25,1.45502e-24,3.74718e-40,-1.45502e-24,-8.99255e-25,8.99255e-25,1.45502e-24,0,
0,0,0,0,0,0,0,0,0,0,0
Time = 3.2
0,0,0,0,0,0,0,0,0,0,0,
0,5.41775e-28,3.34835e-28,-3.34835e-28,-5.41775e-28,-1.39525e-43,5.41775e-28,3.34835e-28,-3.34835e-28,-5.41775e-28,0,
0,3.34835e-28,2.06939e-28,-2.06939e-28,-3.34835e-28,-8.62314e-44,3.34835e-28,2.06939e-28,-2.06939e-28,-3.34835e-28,0,
0,-3.34835e-28,-2.06939e-28,2.06939e-28,3.34835e-28,8.62314e-44,-3.34835e-28,-2.06939e-28,2.06939e-28,3.34835e-28,0,
0,-5.41775e-28,-3.34835e-28,3.34835e-28,5.41775e-28,1.39525e-43,-5.41775e-28,-3.34835e-28,3.34835e-28,5.41775e-28,0,
0,-1.39525e-43,-8.62314e-44,8.62314e-44,1.39525e-43,3.59325e-59,-1.39525e-43,-8.62314e-44,8.62314e-44,1.39525e-43,0,
0,5.41775e-28,3.34835e-28,-3.34835e-28,-5.41775e-28,-1.39525e-43,5.41775e-28,3.34835e-28,-3.34835e-28,-5.41775e-28,0,
0,3.34835e-28,2.06939e-28,-2.06939e-28,-3.34835e-28,-8.62314e-44,3.34835e-28,2.06939e-28,-2.06939e-28,-3.34835e-28,0,
0,-3.34835e-28,-2.06939e-28,2.06939e-28,3.34835e-28,8.62314e-44,-3.34835e-28,-2.06939e-28,2.06939e-28,3.34835e-28,0,
0,-5.41775e-28,-3.34835e-28,3.34835e-28,5.41775e-28,1.39525e-43,-5.41775e-28,-3.34835e-28,3.34835e-28,5.41775e-28,0,
0,0,0,0,0,0,0,0,0,0,0
Time = 3.6
0,0,0,0,0,0,0,0,0,0,0,
0,2.01728e-31,1.24675e-31,-1.24675e-31,-2.01728e-31,-5.19519e-47,2.01728e-31,1.24675e-31,-1.24675e-31,-2.01728e-31,0,
0,1.24675e-31,7.70534e-32,-7.70534e-32,-1.24675e-31,-3.2108e-47,1.24675e-31,7.70534e-32,-7.70534e-32,-1.24675e-31,0,
0,-1.24675e-31,-7.70534e-32,7.70534e-32,1.24675e-31,3.2108e-47,-1.24675e-31,-7.70534e-32,7.70534e-32,1.24675e-31,0,
0,-2.01728e-31,-1.24675e-31,1.24675e-31,2.01728e-31,5.19519e-47,-2.01728e-31,-1.24675e-31,1.24675e-31,2.01728e-31,0,
0,-5.19519e-47,-3.2108e-47,3.2108e-47,5.19519e-47,1.33794e-62,-5.19519e-47,-3.2108e-47,3.2108e-47,5.19519e-47,0,
0,2.01728e-31,1.24675e-31,-1.24675e-31,-2.01728e-31,-5.19519e-47,2.01728e-31,1.24675e-31,-1.24675e-31,-2.01728e-31,0,
0,1.24675e-31,7.70534e-32,-7.70534e-32,-1.24675e-31,-3.2108e-47,1.24675e-31,7.70534e-32,-7.70534e-32,-1.24675e-31,0,
0,-1.24675e-31,-7.70534e-32,7.70534e-32,1.24675e-31,3.2108e-47,-1.24675e-31,-7.70534e-32,7.70534e-32,1.24675e-31,0,
0,-2.01728e-31,-1.24675e-31,1.24675e-31,2.01728e-31,5.19519e-47,-2.01728e-31,-1.24675e-31,1.24675e-31,2.01728e-31,0,
0,0,0,0,0,0,0,0,0,0,0
Time = 4
0,0,0,0,0,0,0,0,0,0,0,
0,7.5113e-35,4.64224e-35,-4.64224e-35,-7.5113e-35,-1.93441e-50,7.5113e-35,4.64224e-35,-4.64224e-35,-7.5113e-35,0,
0,4.64224e-35,2.86906e-35,-2.86906e-35,-4.64224e-35,-1.19553e-50,4.64224e-35,2.86906e-35,-2.86906e-35,-4.64224e-35,0,
0,-4.64224e-35,-2.86906e-35,2.86906e-35,4.64224e-35,1.19553e-50,-4.64224e-35,-2.86906e-35,2.86906e-35,4.64224e-35,0,
0,-7.5113e-35,-4.64224e-35,4.64224e-35,7.5113e-35,1.93441e-50,-7.5113e-35,-4.64224e-35,4.64224e-35,7.5113e-35,0,
0,-1.93441e-50,-1.19553e-50,1.19553e-50,1.93441e-50,4.98177e-66,-1.93441e-50,-1.19553e-50,1.19553e-50,1.93441e-50,0,
0,7.5113e-35,4.64224e-35,-4.64224e-35,-7.5113e-35,-1.93441e-50,7.5113e-35,4.64224e-35,-4.64224e-35,-7.5113e-35,0,
0,4.64224e-35,2.86906e-35,-2.86906e-35,-4.64224e-35,-1.19553e-50,4.64224e-35,2.86906e-35,-2.86906e-35,-4.64224e-35,0,
0,-4.64224e-35,-2.86906e-35,2.86906e-35,4.64224e-35,1.19553e-50,-4.64224e-35,-2.86906e-35,2.86906e-35,4.64224e-35,0,
0,-7.5113e-35,-4.64224e-35,4.64224e-35,7.5113e-35,1.93441e-50,-7.5113e-35,-4.64224e-35,4.64224e-35,7.5113e-35,0,
0,0,0,0,0,0,0,0,0,0,0
Time = 4.4
0,0,0,0,0,0,0,0,0,0,0,
0,2.79681e-38,1.72852e-38,-1.72852e-38,-2.79681e-38,-7.20274e-54,2.79681e-38,1.72852e-38,-1.72852e-38,-2.79681e-38,0,
0,1.72852e-38,1.06829e-38,-1.06829e-38,-1.72852e-38,-4.45154e-54,1.72852e-38,1.06829e-38,-1.06829e-38,-1.72852e-38,0,
0,-1.72852e-38,-1.06829e-38,1.06829e-38,1.72852e-38,4.45154e-54,-1.72852e-38,-1.06829e-38,1.06829e-38,1.72852e-38,0,
0,-2.79681e-38,-1.72852e-38,1.72852e-38,2.79681e-38,7.20274e-54,-2.79681e-38,-1.72852e-38,1.72852e-38,2.79681e-38,0,
0,-7.20274e-54,-4.45154e-54,4.45154e-54,7.20274e-54,1.85495e-69,-7.20274e-54,-4.45154e-54,4.45154e-54,7.20274e-54,0,
0,2.79681e-38,1.72852e-38,-1.72852e-38,-2.79681e-38,-7.20274e-54,2.79681e-38,1.72852e-38,-1.72852e-38,-2.79681e-38,0,
0,1.72852e-38,1.06829e-38,-1.06829e-38,-1.72852e-38,-4.45154e-54,1.72852e-38,1.06829e-38,-1.06829e-38,-1.72852e-38,0,
0,-1.72852e-38,-1.06829e-38,1.06829e-38,1.72852e-38,4.45154e-54,-1.72852e-38,-1.06829e-38,1.06829e-38,1.72852e-38,0,
0,-2.79681e-38,-1.72852e-38,1.72852e-38,2.79681e-38,7.20274e-54,-2.79681e-38,-1.72852e-38,1.72852e-38,2.79681e-38,0,
0,0,0,0,0,0,0,0,0,0,0
Time = 4.8
0,0,0,0,0,0,0,0,0,0,0,
0,1.04139e-41,6.43612e-42,-6.43612e-42,-1.04139e-41,-2.68192e-57,1.04139e-41,6.43612e-42,-6.43612e-42,-1.04139e-41,0,
0,6.43612e-42,3.97774e-42,-3.97774e-42,-6.43612e-42,-1.65752e-57,6.43612e-42,3.97774e-42,-3.97774e-42,-6.43612e-42,0,
0,-6.43612e-42,-3.97774e-42,3.97774e-42,6.43612e-42,1.65752e-57,-6.43612e-42,-3.97774e-42,3.97774e-42,6.43612e-42,0,
0,-1.04139e-41,-6.43612e-42,6.43612e-42,1.04139e-41,2.68192e-57,-1.04139e-41,-6.43612e-42,6.43612e-42,1.04139e-41,0,
0,-2.68192e-57,-1.65752e-57,1.65752e-57,2.68192e-57,6.90686e-73,-2.68192e-57,-1.65752e-57,1.65752e-57,2.68192e-57,0,
0,1.04139e-41,6.43612e-42,-6.43612e-42,-1.04139e-41,-2.68192e-57,1.04139e-41,6.43612e-42,-6.43612e-42,-1.04139e-41,0,
0,6.43612e-42,3.97774e-42,-3.97774e-42,-6.43612e-42,-1.65752e-57,6.43612e-42,3.97774e-42,-3.97774e-42,-6.43612e-42,0,
0,-6.43612e-42,-3.97774e-42,3.97774e-42,6.43612e-42,1.65752e-57,-6.43612e-42,-3.97774e-42,3.97774e-42,6.43612e-42,0,
0,-1.04139e-41,-6.43612e-42,6.43612e-42,1.04139e-41,2.68192e-57,-1.04139e-41,-6.43612e-42,6.43612e-42,1.04139e-41,0,
0,0,0,0,0,0,0,0,0,0,0
Time = 5.2
0,0,0,0,0,0,0,0,0,0,0,
0,3.87757e-45,2.39647e-45,-2.39647e-45,-3.87757e-45,-9.98606e-61,3.87757e-45,2.39647e-45,-2.39647e-45,-3.87757e-45,0,
0,2.39647e-45,1.4811e-45,-1.4811e-45,-2.39647e-45,-6.17173e-61,2.39647e-45,1.4811e-45,-1.4811e-45,-2.39647e-45,0,
0,-2.39647e-45,-1.4811e-45,1.4811e-45,2.39647e-45,6.17173e-61,-2.39647e-45,-1.4811e-45,1.4811e-45,2.39647e-45,0,
0,-3.87757e-45,-2.39647e-45,2.39647e-45,3.87757e-45,9.98606e-61,-3.87757e-45,-2.39647e-45,2.39647e-45,3.87757e-45,0,
0,-9.98606e-61,-6.17173e-61,6.17173e-61,9.98606e-61,2.57175e-76,-9.98606e-61,-6.17173e-61,6.17173e-61,9.98606e-61,0,
0,3.87757e-45,2.39647e-45,-2.39647e-45,-3.87757e-45,-9.98606e-61,3.87757e-45,2.39647e-45,-2.39647e-45,-3.87757e-45,0,
0,2.39647e-45,1.4811e-45,-1.4811e-45,-2.39647e-45,-6.17173e-61,2.39647e-45,1.4811e-45,-1.4811e-45,-2.39647e-45,0,
0,-2.39647e-45,-1.4811e-45,1.4811e-45,2.39647e-45,6.17173e-61,-2.39647e-45,-1.4811e-45,1.4811e-45,2.39647e-45,0,
0,-3.87757e-45,-2.39647e-45,2.39647e-45,3.87757e-45,9.98606e-61,-3.87757e-45,-2.39647e-45,2.39647e-45,3.87757e-45,0,
0,0,0,0,0,0,0,0,0,0,0
Time = 5.6
0,0,0,0,0,0,0,0,0,0,0,
0,1.4438e-48,8.92319e-49,-8.92319e-49,-1.4438e-48,-3.71828e-64,1.4438e-48,8.92319e-49,-8.92319e-49,-1.4438e-48,0,
0,8.92319e-49,5.51484e-49,-5.51484e-49,-8.92319e-49,-2.29803e-64,8.92319e-49,5.51484e-49,-5.51484e-49,-8.92319e-49,0,
0,-8.92319e-49,-5.51484e-49,5.51484e-49,8.92319e-49,2.29803e-64,-8.92319e-49,-5.51484e-49,5.51484e-49,8.92319e-49,0,
0,-1.4438e-48,-8.92319e-49,8.92319e-49,1.4438e-48,3.71828e-64,-1.4438e-48,-8.92319e-49,8.92319e-49,1.4438e-48,0,
0,-3.71828e-64,-2.29803e-64,2.29803e-64,3.71828e-64,9.57584e-80,-3.71828e-64,-2.29803e-64,2.29803e-64,3.71828e-64,0,
0,1.4438e-48,8.92319e-49,-8.92319e-49,-1.4438e-48,-3.71828e-64,1.4438e-48,8.92319e-49,-8.92319e-49,-1.4438e-48,0,
0,8.92319e-49,5.51484e-49,-5.51484e-49,-8.92319e-49,-2.29803e-64,8.92319e-49,5.51484e-49,-5.51484e-49,-8.92319e-49,0,
0,-8.92319e-49,-5.51484e-49,5.51484e-49,8.92319e-49,2.29803e-64,-8.92319e-49,-5.51484e-49,5.51484e-49,8.92319e-49,0,
0,-1.4438e-48,-8.92319e-49,8.92319e-49,1.4438e-48,3.71828e-64,-1.4438e-48,-8.92319e-49,8.92319e-49,1.4438e-48,0,
0,0,0,0,0,0,0,0,0,0,0
Time = 6
0,0,0,0,0,0,0,0,0,0,0,
0,5.37596e-52,3.32253e-52,-3.32253e-52,-5.37596e-52,-1.38449e-67,5.37596e-52,3.32253e-52,-3.32253e-52,-5.37596e-52,0,
0,3.32253e-52,2.05343e-52,-2.05343e-52,-3.32253e-52,-8.55664e-68,3.32253e-52,2.05343e-52,-2.05343e-52,-3.32253e-52,0,
0,-3.32253e-52,-2.05343e-52,2.05343e-52,3.32253e-52,8.55664e-68,-3.32253e-52,-2.05343e-52,2.05343e-52,3.32253e-52,0,
0,-5.37596e-52,-3.32253e-52,3.32253e-52,5.37596e-52,1.38449e-67,-5.37596e-52,-3.32253e-52,3.32253e-52,5.37596e-52,0,
0,-1.38449e-67,-8.55664e-68,8.55664e-68,1.38449e-67,3.56554e-83,-1.38449e-67,-8.55664e-68,8.55664e-68,1.38449e-67,0,
0,5.37596e-52,3.32253e-52,-3.32253e-52,-5.37596e-52,-1.38449e-67,5.37596e-52,3.32253e-52,-3.32253e-52,-5.37596e-52,0,
0,3.32253e-52,2.05343e-52,-2.05343e-52,-3.32253e-52,-8.55664e-68,3.32253e-52,2.05343e-52,-2.05343e-52,-3.32253e-52,0,
0,-3.32253e-52,-2.05343e-52,2.05343e-52,3.32253e-52,8.55664e-68,-3.32253e-52,-2.05343e-52,2.05343e-52,3.32253e-52,0,
0,-5.37596e-52,-3.32253e-52,3.32253e-52,5.37596e-52,1.38449e-67,-5.37596e-52,-3.32253e-52,3.32253e-52,5.37596e-52,0,
0,0,0,0,0,0,0,0,0,0,0
Time = 6.4
0,0,0,0,0,0,0,0,0,0,0,
0,2.00172e-55,1.23713e-55,-1.23713e-55,-2.00172e-55,-5.15512e-71,2.00172e-55,1.23713e-55,-1.23713e-55,-2.00172e-55,0,
0,1.23713e-55,7.64591e-56,-7.64591e-56,-1.23713e-55,-3.18604e-71,1.23713e-55,7.64591e-56,-7.64591e-56,-1.23713e-55,0,
0,-1.23713e-55,-7.64591e-56,7.64591e-56,1.23713e-55,3.18604e-71,-1.23713e-55,-7.64591e-56,7.64591e-56,1.23713e-55,0,
0,-2.00172e-55,-1.23713e-55,1.23713e-55,2.00172e-55,5.15512e-71,-2.00172e-55,-1.23713e-55,1.23713e-55,2.00172e-55,0,
0,-5.15512e-71,-3.18604e-71,3.18604e-71,5.15512e-71,1.32762e-86,-5.15512e-71,-3.18604e-71,3.18604e-71,5.15512e-71,0,
0,2.00172e-55,1.23713e-55,-1.23713e-55,-2.00172e-55,-5.15512e-71,2.00172e-55,1.23713e-55,-1.23713e-55,-2.00172e-55,0,
0,1.23713e-55,7.64591e-56,-7.64591e-56,-1.23713e-55,-3.18604e-71,1.23713e-55,7.64591e-56,-7.64591e-56,-1.23713e-55,0,
0,-1.23713e-55,-7.64591e-56,7.64591e-56,1.23713e-55,3.18604e-71,-1.23713e-55,-7.64591e-56,7.64591e-56,1.23713e-55,0,
0,-2.00172e-55,-1.23713e-55,1.23713e-55,2.00172e-55,5.15512e-71,-2.00172e-55,-1.23713e-55,1.23713e-55,2.00172e-55,0,
0,0,0,0,0,0,0,0,0,0,0
Time = 6.8
0,0,0,0,0,0,0,0,0,0,0,
0,7.45337e-59,4.60643e-59,-4.60643e-59,-7.45337e-59,-1.9195e-74,7.45337e-59,4.60643e-59,-4.60643e-59,-7.45337e-59,0,
0,4.60643e-59,2.84693e-59,-2.84693e-59,-4.60643e-59,-1.18631e-74,4.60643e-59,2.84693e-59,-2.84693e-59,-4.60643e-59,0,
0,-4.60643e-59,-2.84693e-59,2.84693e-59,4.60643e-59,1.18631e-74,-4.60643e-59,-2.84693e-59,2.84693e-59,4.60643e-59,0,
0,-7.45337e-59,-4.60643e-59,4.60643e-59,7.45337e-59,1.9195e-74,-7.45337e-59,-4.60643e-59,4.60643e-59,7.45337e-59,0,
0,-1.9195e-74,-1.18631e-74,1.18631e-74,1.9195e-74,4.94335e-90,-1.9195e-74,-1.18631e-74,1.18631e-74,1.9195e-74,0,
0,7.45337e-59,4.60643e-59,-4.60643e-59,-7.45337e-59,-1.9195e-74,7.45337e-59,4.60643e-59,-4.60643e-59,-7.45337e-59,0,
0,4.60643e-59,2.84693e-59,-2.84693e-59,-4.60643e-59,-1.18631e-74,4.60643e-59,2.84693e-59,-2.84693e-59,-4.60643e-59,0,
0,-4.60643e-59,-2.84693e-59,2.84693e-59,4.60643e-59,1.18631e-74,-4.60643e-59,-2.84693e-59,2.84693e-59,4.60643e-59,0,
0,-7.45337e-59,-4.60643e-59,4.60643e-59,7.45337e-59,1.9195e-74,-7.45337e-59,-4.60643e-59,4.60643e-59,7.45337e-59,0,
0,0,0,0,0,0,0,0,0,0,0
Time = 7.2
0,0,0,0,0,0,0,0,0,0,0,
0,2.77524e-62,1.71519e-62,-1.71519e-62,-2.77524e-62,-7.14719e-78,2.77524e-62,1.71519e-62,-1.71519e-62,-2.77524e-62,0,
0,1.71519e-62,1.06005e-62,-1.06005e-62,-1.71519e-62,-4.41721e-78,1.71519e-62,1.06005e-62,-1.06005e-62,-1.71519e-62,0,
0,-1.71519e-62,-1.06005e-62,1.06005e-62,1.71519e-62,4.41721e-78,-1.71519e-62,-1.06005e-62,1.06005e-62,1.71519e-62,0,
0,-2.77524e-62,-1.71519e-62,1.71519e-62,2.77524e-62,7.14719e-78,-2.77524e-62,-1.71519e-62,1.71519e-62,2.77524e-62,0,
0,-7.14719e-78,-4.41721e-78,4.41721e-78,7.14719e-78,1.84064e-93,-7.14719e-78,-4.41721e-78,4.41721e-78,7.14719e-78,0,
0,2.77524e-62,1.71519e-62,-1.71519e-62,-2.77524e-62,-7.14719e-78,2.77524e-62,1.71519e-62,-1.71519e-62,-2.77524e-62,0,
0,1.71519e-62,1.06005e-62,-1.06005e-62,-1.71519e-62,-4.41721e-78,1.71519e-62,1.06005e-62,-1.06005e-62,-1.71519e-62,0,
0,-1.71519e-62,-1.06005e-62,1.06005e-62,1.71519e-62,4.41721e-78,-1.71519e-62,-1.06005e-62,1.06005e-62,1.71519e-62,0,
0,-2.77524e-62,-1.71519e-62,1.71519e-62,2.77524e-62,7.14719e-78,-2.77524e-62,-1.71519e-62,1.71519e-62,2.77524e-62,0,
0,0,0,0,0,0,0,0,0,0,0
Time = 7.6
0,0,0,0,0,0,0,0,0,0,0,
0,1.03335e-65,6.38648e-66,-6.38648e-66,-1.03335e-65,-2.66124e-81,1.03335e-65,6.38648e-66,-6.38648e-66,-1.03335e-65,0,
0,6.38648e-66,3.94706e-66,-3.94706e-66,-6.38648e-66,-1.64473e-81,6.38648e-66,3.94706e-66,-3.94706e-66,-6.38648e-66,0,
0,-6.38648e-66,-3.94706e-66,3.94706e-66,6.38648e-66,1.64473e-81,-6.38648e-66,-3.94706e-66,3.94706e-66,6.38648e-66,0,
0,-1.03335e-65,-6.38648e-66,6.38648e-66,1.03335e-65,2.66124e-81,-1.03335e-65,-6.38648e-66,6.38648e-66,1.03335e-65,0,
0,-2.66124e-81,-1.64473e-81,1.64473e-81,2.66124e-81,6.85359e-97,-2.66124e-81,-1.64473e-81,1.64473e-81,2.66124e-81,0,
0,1.03335e-65,6.38648e-66,-6.38648e-66,-1.03335e-65,-2.66124e-81,1.03335e-65,6.38648e-66,-6.38648e-66,-1.03335e-65,0,
0,6.38648e-66,3.94706e-66,-3.94706e-66,-6.38648e-66,-1.64473e-81,6.38648e-66,3.94706e-66,-3.94706e-66,-6.38648e-66,0,
0,-6.38648e-66,-3.94706e-66,3.94706e-66,6.38648e-66,1.64473e-81,-6.38648e-66,-3.94706e-66,3.94706e-66,6.38648e-66,0,
0,-1.03335e-65,-6.38648e-66,6.38648e-66,1.03335e-65,2.66124e-81,-1.03335e-65,-6.38648e-66,6.38648e-66,1.03335e-65,0,
0,0,0,0,0,0,0,0,0,0,0
Time = 8
0,0,0,0,0,0,0,0,0,0,0,
0,3.84766e-69,2.37799e-69,-2.37799e-69,-3.84766e-69,-9.90904e-85,3.84766e-69,2.37799e-69,-2.37799e-69,-3.84766e-69,0,
0,2.37799e-69,1.46968e-69,-1.46968e-69,-2.37799e-69,-6.12413e-85,2.37799e-69,1.46968e-69,-1.46968e-69,-2.37799e-69,0,
0,-2.37799e-69,-1.46968e-69,1.46968e-69,2.37799e-69,6.12413e-85,-2.37799e-69,-1.46968e-69,1.46968e-69,2.37799e-69,0,
0,-3.84766e-69,-2.37799e-69,2.37799e-69,3.84766e-69,9.90904e-85,-3.84766e-69,-2.37799e-69,2.37799e-69,3.84766e-69,0,
0,-9.90904e-85,-6.12413e-85,6.12413e-85,9.90904e-85,2.55192e-100,-9.90904e-85,-6.12413e-85,6.12413e-85,9.90904e-85,0,
0,3.84766e-69,2.37799e-69,-2.37799e-69,-3.84766e-69,-9.90904e-85,3.84766e-69,2.37799e-69,-2.37799e-69,-3.84766e-69,0,
0,2.37799e-69,1.46968e-69,-1.46968e-69,-2.37799e-69,-6.12413e-85,2.37799e-69,1.46968e-69,-1.46968e-69,-2.37799e-69,0,
0,-2.37799e-69,-1.46968e-69,1.46968e-69,2.37799e-69,6.12413e-85,-2.37799e-69,-1.46968e-69,1.46968e-69,2.37799e-69,0,
0,-3.84766e-69,-2.37799e-69,2.37799e-69,3.84766e-69,9.90904e-85,-3.84766e-69,-2.37799e-69,2.37799e-69,3.84766e-69,0,
0,0,0,0,0,0,0,0,0,0,0
Time = 8.4
0,0,0,0,0,0,0,0,0,0,0,
0,1.43267e-72,8.85437e-73,-8.85437e-73,-1.43267e-72,-3.68961e-88,1.43267e-72,8.85437e-73,-8.85437e-73,-1.43267e-72,0,
0,8.85437e-73,5.4723e-73,-5.4723e-73,-8.85437e-73,-2.2803e-88,8.85437e-73,5.4723e-73,-5.4723e-73,-8.85437e-73,0,
0,-8.85437e-73,-5.4723e-73,5.4723e-73,8.85437e-73,2.2803e-88,-8.85437e-73,-5.4723e-73,5.4723e-73,8.85437e-73,0,
0,-1.43267e-72,-8.85437e-73,8.85437e-73,1.43267e-72,3.68961e-88,-1.43267e-72,-8.85437e-73,8.85437e-73,1.43267e-72,0,
0,-3.68961e-88,-2.2803e-88,2.2803e-88,3.68961e-88,9.50199e-104,-3.68961e-88,-2.2803e-88,2.2803e-88,3.68961e-88,0,
0,1.43267e-72,8.85437e-73,-8.85437e-73,-1.43267e-72,-3.68961e-88,1.43267e-72,8.85437e-73,-8.85437e-73,-1.43267e-72,0,
0,8.85437e-73,5.4723e-73,-5.4723e-73,-8.85437e-73,-2.2803e-88,8.85437e-73,5.4723e-73,-5.4723e-73,-8.85437e-73,0,
0,-8.85437e-73,-5.4723e-73,5.4723e-73,8.85437e-73,2.2803e-88,-8.85437e-73,-5.4723e-73,5.4723e-73,8.85437e-73,0,
0,-1.43267e-72,-8.85437e-73,8.85437e-73,1.43267e-72,3.68961e-88,-1.43267e-72,-8.85437e-73,8.85437e-73,1.43267e-72,0,
0,0,0,0,0,0,0,0,0,0,0
Time = 8.8
0,0,0,0,0,0,0,0,0,0,0,
0,5.3345e-76,3.2969e-76,-3.2969e-76,-5.3345e-76,-1.37381e-91,5.3345e-76,3.2969e-76,-3.2969e-76,-5.3345e-76,0,
0,3.2969e-76,2.0376e-76,-2.0376e-76,-3.2969e-76,-8.49064e-92,3.2969e-76,2.0376e-76,-2.0376e-76,-3.2969e-76,0,
0,-3.2969e-76,-2.0376e-76,2.0376e-76,3.2969e-76,8.49064e-92,-3.2969e-76,-2.0376e-76,2.0376e-76,3.2969e-76,0,
0,-5.3345e-76,-3.2969e-76,3.2969e-76,5.3345e-76,1.37381e-91,-5.3345e-76,-3.2969e-76,3.2969e-76,5.3345e-76,0,
0,-1.37381e-91,-8.49064e-92,8.49064e-92,1.37381e-91,3.53804e-107,-1.37381e-91,-8.49064e-92,8.49064e-92,1.37381e-91,0,
0,5.3345e-76,3.2969e-76,-3.2969e-76,-5.3345e-76,-1.37381e-91,5.3345e-76,3.2969e-76,-3.2969e-76,-5.3345e-76,0,
0,3.2969e-76,2.0376e-76,-2.0376e-76,-3.2969e-76,-8.49064e-92,3.2969e-76,2.0376e-76,-2.0376e-76,-3.2969e-76,0,
0,-3.2969e-76,-2.0376e-76,2.0376e-76,3.2969e-76,8.49064e-92,-3.2969e-76,-2.0376e-76,2.0376e-76,3.2969e-76,0,
0,-5.3345e-76,-3.2969e-76,3.2969e-76,5.3345e-76,1.37381e-91,-5.3345e-76,-3.2969e-76,3.2969e-76,5.3345e-76,0,
0,0,0,0,0,0,0,0,0,0,0
Time = 9.2
0,0,0,0,0,0,0,0,0,0,0,
0,1.98629e-79,1.22759e-79,-1.22759e-79,-1.98629e-79,-5.11536e-95,1.98629e-79,1.22759e-79,-1.22759e-79,-1.98629e-79,0,
0,1.22759e-79,7.58694e-80,-7.58694e-80,-1.22759e-79,-3.16147e-95,1.22759e-79,7.58694e-80,-7.58694e-80,-1.22759e-79,0,
0,-1.22759e-79,-7.58694e-80,7.58694e-80,1.22759e-79,3.16147e-95,-1.22759e-79,-7.58694e-80,7.58694e-80,1.22759e-79,0,
0,-1.98629e-79,-1.22759e-79,1.22759e-79,1.98629e-79,5.11536e-95,-1.98629e-79,-1.22759e-79,1.22759e-79,1.98629e-79,0,
0,-5.11536e-95,-3.16147e-95,3.16147e-95,5.11536e-95,1.31738e-110,-5.11536e-95,-3.16147e-95,3.16147e-95,5.11536e-95,0,
0,1.98629e-79,1.22759e-79,-1.22759e-79,-1.98629e-79,-5.11536e-95,1.98629e-79,1.22759e-79,-1.22759e-79,-1.98629e-79,0,
0,1.22759e-79,7.58694e-80,-7.58694e-80,-1.22759e-79,-3.16147e-95,1.22759e-79,7.58694e-80,-7.58694e-80,-1.22759e-79,0,
0,-1.22759e-79,-7.58694e-80,7.58694e-80,1.22759e-79,3.16147e-95,-1.22759e-79,-7.58694e-80,7.58694e-80,1.22759e-79,0,
0,-1.98629e-79,-1.22759e-79,1.22759e-79,1.98629e-79,5.11536e-95,-1.98629e-79,-1.22759e-79,1.22759e-79,1.98629e-79,0,
0,0,0,0,0,0,0,0,0,0,0
Time = 9.6
0,0,0,0,0,0,0,0,0,0,0,
0,7.39588e-83,4.57091e-83,-4.57091e-83,-7.39588e-83,-1.90469e-98,7.39588e-83,4.57091e-83,-4.57091e-83,-7.39588e-83,0,
0,4.57091e-83,2.82498e-83,-2.82498e-83,-4.57091e-83,-1.17716e-98,4.57091e-83,2.82498e-83,-2.82498e-83,-4.57091e-83,0,
0,-4.57091e-83,-2.82498e-83,2.82498e-83,4.57091e-83,1.17716e-98,-4.57091e-83,-2.82498e-83,2.82498e-83,4.57091e-83,0,
0,-7.39588e-83,-4.57091e-83,4.57091e-83,7.39588e-83,1.90469e-98,-7.39588e-83,-4.57091e-83,4.57091e-83,7.39588e-83,0,
0,-1.90469e-98,-1.17716e-98,1.17716e-98,1.90469e-98,4.90523e-114,-1.90469e-98,-1.17716e-98,1.17716e-98,1.90469e-98,0,
0,7.39588e-83,4.57091e-83,-4.57091e-83,-7.39588e-83,-1.90469e-98,7.39588e-83,4.57091e-83,-4.57091e-83,-7.39588e-83,0,
0,4.57091e-83,2.82498e-83,-2.82498e-83,-4.57091e-83,-1.17716e-98,4.57091e-83,2.82498e-83,-2.82498e-83,-4.57091e-83,0,
0,-4.57091e-83,-2.82498e-83,2.82498e-83,4.57091e-83,1.17716e-98,-4.57091e-83,-2.82498e-83,2.82498e-83,4.57091e-83,0,
0,-7.39588e-83,-4.57091e-83,4.57091e-83,7.39588e-83,1.90469e-98,-7.39588e-83,-4.57091e-83,4.57091e-83,7.39588e-83,0,
0,0,0,0,0,0,0,0,0,0,0
Time = 10
0,0,0,0,0,0,0,0,0,0,0,
0,2.75384e-86,1.70197e-86,-1.70197e-86,-2.75384e-86,-7.09207e-102,2.75384e-86,1.70197e-86,-1.70197e-86,-2.75384e-86,0,
0,1.70197e-86,1.05187e-86,-1.05187e-86,-1.70197e-86,-4.38314e-102,1.70197e-86,1.05187e-86,-1.05187e-86,-1.70197e-86,0,
0,-1.70197e-86,-1.05187e-86,1.05187e-86,1.70197e-86,4.38314e-102,-1.70197e-86,-1.05187e-86,1.05187e-86,1.70197e-86,0,
0,-2.75384e-86,-1.70197e-86,1.70197e-86,2.75384e-86,7.09207e-102,-2.75384e-86,-1.70197e-86,1.70197e-86,2.75384e-86,0,
0,-7.09207e-102,-4.38314e-102,4.38314e-102,7.09207e-102,1.82645e-117,-7.09207e-102,-4.38314e-102,4.38314e-102,7.09207e-102,0,
0,2.75384e-86,1.70197e-86,-1.70197e-86,-2.75384e-86,-7.09207e-102,2.75384e-86,1.70197e-86,-1.70197e-86,-2.75384e-86,0,
0,1.70197e-86,1.05187e-86,-1.05187e-86,-1.70197e-86,-4.38314e-102,1.70197e-86,1.05187e-86,-1.05187e-86,-1.70197e-86,0,
0,-1.70197e-86,-1.05187e-86,1.05187e-86,1.70197e-86,4.38314e-102,-1.70197e-86,-1.05187e-86,1.05187e-86,1.70197e-86,0,
0,-2.75384e-86,-1.70197e-86,1.70197e-86,2.75384e-86,7.09207e-102,-2.75384e-86,-1.70197e-86,1.70197e-86,2.75384e-86,0,
0,0,0,0,0,0,0,0,0,0,0
Time = 10.4
0,0,0,0,0,0,0,0,0,0,0,
0,1.02538e-89,6.33722e-90,-6.33722e-90,-1.02538e-89,-2.64071e-105,1.02538e-89,6.33722e-90,-6.33722e-90,-1.02538e-89,0,
0,6.33722e-90,3.91662e-90,-3.91662e-90,-6.33722e-90,-1.63205e-105,6.33722e-90,3.91662e-90,-3.91662e-90,-6.33722e-90,0,
0,-6.33722e-90,-3.91662e-90,3.91662e-90,6.33722e-90,1.63205e-105,-6.33722e-90,-3.91662e-90,3.91662e-90,6.33722e-90,0,
0,-1.02538e-89,-6.33722e-90,6.33722e-90,1.02538e-89,2.64071e-105,-1.02538e-89,-6.33722e-90,6.33722e-90,1.02538e-89,0,
0,-2.64071e-105,-1.63205e-105,1.63205e-105,2.64071e-105,6.80073e-121,-2.64071e-105,-1.63205e-105,1.63205e-105,2.64071e-105,0,
0,1.02538e-89,6.33722e-90,-6.33722e-90,-1.02538e-89,-2.64071e-105,1.02538e-89,6.33722e-90,-6.33722e-90,-1.02538e-89,0,
0,6.33722e-90,3.91662e-90,-3.91662e-90,-6.33722e-90,-1.63205e-105,6.33722e-90,3.91662e-90,-3.91662e-90,-6.33722e-90,0,
0,-6.33722e-90,-3.91662e-90,3.91662e-90,6.33722e-90,1.63205e-105,-6.33722e-90,-3.91662e-90,3.91662e-90,6.33722e-90,0,
0,-1.02538e-89,-6.33722e-90,6.33722e-90,1.02538e-89,2.64071e-105,-1.02538e-89,-6.33722e-90,6.33722e-90,1.02538e-89,0,
0,0,0,0,0,0,0,0,0,0,0
Time = 10.8
0,0,0,0,0,0,0,0,0,0,0,
0,3.81799e-93,2.35965e-93,-2.35965e-93,-3.81799e-93,-9.83262e-109,3.81799e-93,2.35965e-93,-2.35965e-93,-3.81799e-93,0,
0,2.35965e-93,1.45834e-93,-1.45834e-93,-2.35965e-93,-6.07689e-109,2.35965e-93,1.45834e-93,-1.45834e-93,-2.35965e-93,0,
0,-2.35965e-93,-1.45834e-93,1.45834e-93,2.35965e-93,6.07689e-109,-2.35965e-93,-1.45834e-93,1.45834e-93,2.35965e-93,0,
0,-3.81799e-93,-2.35965e-93,2.35965e-93,3.81799e-93,9.83262e-109,-3.81799e-93,-2.35965e-93,2.35965e-93,3.81799e-93,0,
0,-9.83262e-109,-6.07689e-109,6.07689e-109,9.83262e-109,2.53223e-124,-9.83262e-109,-6.07689e-109,6.07689e-109,9.83262e-109,0,
0,3.81799e-93,2.35965e-93,-2.35965e-93,-3.81799e-93,-9.83262e-109,3.81799e-93,2.35965e-93,-2.35965e-93,-3.81799e-93,0,
0,2.35965e-93,1.45834e-93,-1.45834e-93,-2.35965e-93,-6.07689e-109,2.35965e-93,1.45834e-93,-1.45834e-93,-2.35965e-93,0,
0,-2.35965e-93,-1.45834e-93,1.45834e-93,2.35965e-93,6.07689e-109,-2.35965e-93,-1.45834e-93,1.45834e-93,2.35965e-93,0,
0,-3.81799e-93,-2.35965e-93,2.35965e-93,3.81799e-93,9.83262e-109,-3.81799e-93,-2.35965e-93,2.35965e-93,3.81799e-93,0,
0,0,0,0,0,0,0,0,0,0,0
Time = 11.2
0,0,0,0,0,0,0,0,0,0,0,
0,1.42162e-96,8.78608e-97,-8.78608e-97,-1.42162e-96,-3.66115e-112,1.42162e-96,8.78608e-97,-8.78608e-97,-1.42162e-96,0,
0,8.78608e-97,5.4301e-97,-5.4301e-97,-8.78608e-97,-2.26271e-112,8.78608e-97,5.4301e-97,-5.4301e-97,-8.78608e-97,0,
0,-8.78608e-97,-5.4301e-97,5.4301e-97,8.78608e-97,2.26271e-112,-8.78608e-97,-5.4301e-97,5.4301e-97,8.78608e-97,0,
0,-1.42162e-96,-8.78608e-97,8.78608e-97,1.42162e-96,3.66115e-112,-1.42162e-96,-8.78608e-97,8.78608e-97,1.42162e-96,0,
0,-3.66115e-112,-2.26271e-112,2.26271e-112,3.66115e-112,9.4287e-128,-3.66115e-112,-2.26271e-112,2.26271e-112,3.66115e-112,0,
0,1.42162e-96,8.78608e-97,-8.78608e-97,-1.42162e-96,-3.66115e-112,1.42162e-96,8.78608e-97,-8.78608e-97,-1.42162e-96,0,
0,8.78608e-97,5.4301e-97,-5.4301e-97,-8.78608e-97,-2.26271e-112,8.78608e-97,5.4301e-97,-5.4301e-97,-8.78608e-97,0,
0,-8.78608e-97,-5.4301e-97,5.4301e-97,8.78608e-97,2.26271e-112,-8.78608e-97,-5.4301e-97,5.4301e-97,8.78608e-97,0,
0,-1.42162e-96,-8.78608e-97,8.78608e-97,1.42162e-96,3.66115e-112,-1.42162e-96,-8.78608e-97,8.78608e-97,1.42162e-96,0,
0,0,0,0,0,0,0,0,0,0,0
Time = 11.6
0,0,0,0,0,0,0,0,0,0,0,
0,5.29336e-100,3.27147e-100,-3.27147e-100,-5.29336e-100,-1.36322e-115,5.29336e-100,3.27147e-100,-3.27147e-100,-5.29336e-100,0,
0,3.27147e-100,2.02188e-100,-2.02188e-100,-3.27147e-100,-8.42516e-116,3.27147e-100,2.02188e-100,-2.02188e-100,-3.27147e-100,0,
0,-3.27147e-100,-2.02188e-100,2.02188e-100,3.27147e-100,8.42516e-116,-3.27147e-100,-2.02188e-100,2.02188e-100,3.27147e-100,0,
0,-5.29336e-100,-3.27147e-100,3.27147e-100,5.29336e-100,1.36322e-115,-5.29336e-100,-3.27147e-100,3.27147e-100,5.29336e-100,0,
0,-1.36322e-115,-8.42516e-116,8.42516e-116,1.36322e-115,3.51075e-131,-1.36322e-115,-8.42516e-116,8.42516e-116,1.36322e-115,0,
0,5.29336e-100,3.27147e-100,-3.27147e-100,-5.29336e-100,-1.36322e-115,5.29336e-100,3.27147e-100,-3.27147e-100,-5.29336e-100,0,
0,3.27147e-100,2.02188e-100,-2.02188e-100,-3.27147e-100,-8.42516e-116,3.27147e-100,2.02188e-100,-2.02188e-100,-3.27147e-100,0,
0,-3.27147e-100,-2.02188e-100,2.02188e-100,3.27147e-100,8.42516e-116,-3.27147e-100,-2.02188e-100,2.02188e-100,3.27147e-100,0,
0,-5.29336e-100,-3.27147e-100,3.27147e-100,5.29336e-100,1.36322e-115,-5.29336e-100,-3.27147e-100,3.27147e-100,5.29336e-100,0,
0,0,0,0,0,0,0,0,0,0,0
Time = 12
0,0,0,0,0,0,0,0,0,0,0,
0,1.97097e-103,1.21812e-103,-1.21812e-103,-1.97097e-103,-5.07591e-119,1.97097e-103,1.21812e-103,-1.21812e-103,-1.97097e-103,0,
0,1.21812e-103,7.52842e-104,-7.52842e-104,-1.21812e-103,-3.13708e-119,1.21812e-103,7.52842e-104,-7.52842e-104,-1.21812e-103,0,
0,-1.21812e-103,-7.52842e-104,7.52842e-104,1.21812e-103,3.13708e-119,-1.21812e-103,-7.52842e-104,7.52842e-104,1.21812e-103,0,
0,-1.97097e-103,-1.21812e-103,1.21812e-103,1.97097e-103,5.07591e-119,-1.97097e-103,-1.21812e-103,1.21812e-103,1.97097e-103,0,
0,-5.07591e-119,-3.13708e-119,3.13708e-119,5.07591e-119,1.30722e-134,-5.07591e-119,-3.13708e-119,3.13708e-119,5.07591e-119,0,
0,1.97097e-103,1.21812e-103,-1.21812e-103,-1.97097e-103,-5.07591e-119,1.97097e-103,1.21812e-103,-1.21812e-103,-1.97097e-103,0,
0,1.21812e-103,7.52842e-104,-7.52842e-104,-1.21812e-103,-3.13708e-119,1.21812e-103,7.52842e-104,-7.52842e-104,-1.21812e-103,0,
0,-1.21812e-103,-7.52842e-104,7.52842e-104,1.21812e-103,3.13708e-119,-1.21812e-103,-7.52842e-104,7.52842e-104,1.21812e-103,0,
0,-1.97097e-103,-1.21812e-103,1.21812e-103,1.97097e-103,5.07591e-119,-1.97097e-103,-1.21812e-103,1.21812e-103,1.97097e-103,0,
0,0,0,0,0,0,0,0,0,0,0
Time = 12.4
0,0,0,0,0,0,0,0,0,0,0,
0,7.33884e-107,4.53565e-107,-4.53565e-107,-7.33884e-107,-1.89e-122,7.33884e-107,4.53565e-107,-4.53565e-107,-7.33884e-107,0,
0,4.53565e-107,2.80319e-107,-2.80319e-107,-4.53565e-107,-1.16809e-122,4.53565e-107,2.80319e-107,-2.80319e-107,-4.53565e-107,0,
0,-4.53565e-107,-2.80319e-107,2.80319e-107,4.53565e-107,1.16809e-122,-4.53565e-107,-2.80319e-107,2.80319e-107,4.53565e-107,0,
0,-7.33884e-107,-4.53565e-107,4.53565e-107,7.33884e-107,1.89e-122,-7.33884e-107,-4.53565e-107,4.53565e-107,7.33884e-107,0,
0,-1.89e-122,-1.16809e-122,1.16809e-122,1.89e-122,4.8674e-138,-1.89e-122,-1.16809e-122,1.16809e-122,1.89e-122,0,
0,7.33884e-107,4.53565e-107,-4.53565e-107,-7.33884e-107,-1.89e-122,7.33884e-107,4.53565e-107,-4.53565e-107,-7.33884e-107,0,
0,4.53565e-107,2.80319e-107,-2.80319e-107,-4.53565e-107,-1.16809e-122,4.53565e-107,2.80319e-107,-2.80319e-107,-4.53565e-107,0,
0,-4.53565e-107,-2.80319e-107,2.80319e-107,4.53565e-107,1.16809e-122,-4.53565e-107,-2.80319e-107,2.80319e-107,4.53565e-107,0,
0,-7.33884e-107,-4.53565e-107,4.53565e-107,7.33884e-107,1.89e-122,-7.33884e-107,-4.53565e-107,4.53565e-107,7.33884e-107,0,
0,0,0,0,0,0,0,0,0,0,0
Time = 12.8
0,0,0,0,0,0,0,0,0,0,0,
0,2.7326e-110,1.68884e-110,-1.68884e-110,-2.7326e-110,-7.03737e-126,2.7326e-110,1.68884e-110,-1.68884e-110,-2.7326e-110,0,
0,1.68884e-110,1.04376e-110,-1.04376e-110,-1.68884e-110,-4.34933e-126,1.68884e-110,1.04376e-110,-1.04376e-110,-1.68884e-110,0,
0,-1.68884e-110,-1.04376e-110,1.04376e-110,1.68884e-110,4.34933e-126,-1.68884e-110,-1.04376e-110,1.04376e-110,1.68884e-110,0,
0,-2.7326e-110,-1.68884e-110,1.68884e-110,2.7326e-110,7.03737e-126,-2.7326e-110,-1.68884e-110,1.68884e-110,2.7326e-110,0,
0,-7.03737e-126,-4.34933e-126,4.34933e-126,7.03737e-126,1.81236e-141,-7.03737e-126,-4.34933e-126,4.34933e-126,7.03737e-126,0,
0,2.7326e-110,1.68884e-110,-1.68884e-110,-2.7326e-110,-7.03737e-126,2.7326e-110,1.68884e-110,-1.68884e-110,-2.7326e-110,0,
0,1.68884e-110,1.04376e-110,-1.04376e-110,-1.68884e-110,-4.34933e-126,1.68884e-110,1.04376e-110,-1.04376e-110,-1.68884e-110,0,
0,-1.68884e-110,-1.04376e-110,1.04376e-110,1.68884e-110,4.34933e-126,-1.68884e-110,-1.04376e-110,1.04376e-110,1.68884e-110,0,
0,-2.7326e-110,-1.68884e-110,1.68884e-110,2.7326e-110,7.03737e-126,-2.7326e-110,-1.68884e-110,1.68884e-110,2.7326e-110,0,
0,0,0,0,0,0,0,0,0,0,0
Time = 13.2
0,0,0,0,0,0,0,0,0,0,0,
0,1.01748e-113,6.28835e-114,-6.28835e-114,-1.01748e-113,-2.62035e-129,1.01748e-113,6.28835e-114,-6.28835e-114,-1.01748e-113,0,
0,6.28835e-114,3.88641e-114,-3.88641e-114,-6.28835e-114,-1.61946e-129,6.28835e-114,3.88641e-114,-3.88641e-114,-6.28835e-114,0,
0,-6.28835e-114,-3.88641e-114,3.88641e-114,6.28835e-114,1.61946e-129,-6.28835e-114,-3.88641e-114,3.88641e-114,6.28835e-114,0,
0,-1.01748e-113,-6.28835e-114,6.28835e-114,1.01748e-113,2.62035e-129,-1.01748e-113,-6.28835e-114,6.28835e-114,1.01748e-113,0,
0,-2.62035e-129,-1.61946e-129,1.61946e-129,2.62035e-129,6.74828e-145,-2.62035e-129,-1.61946e-129,1.61946e-129,2.62035e-129,0,
0,1.01748e-113,6.28835e-114,-6.28835e-114,-1.01748e-113,-2.62035e-129,1.01748e-113,6.28835e-114,-6.28835e-114,-1.01748e-113,0,
0,6.28835e-114,3.88641e-114,-3.88641e-114,-6.28835e-114,-1.61946e-129,6.28835e-114,3.88641e-114,-3.88641e-114,-6.28835e-114,0,
0,-6.28835e-114,-3.88641e-114,3.88641e-114,6.28835e-114,1.61946e-129,-6.28835e-114,-3.88641e-114,3.88641e-114,6.28835e-114,0,
0,-1.01748e-113,-6.28835e-114,6.28835e-114,1.01748e-113,2.62035e-129,-1.01748e-113,-6.28835e-114,6.28835e-114,1.01748e-113,0,
0,0,0,0,0,0,0,0,0,0,0
Time = 13.6
0,0,0,0,0,0,0,0,0,0,0,
0,3.78854e-117,2.34145e-117,-2.34145e-117,-3.78854e-117,-9.75679e-133,3.78854e-117,2.34145e-117,-2.34145e-117,-3.78854e-117,0,
0,2.34145e-117,1.44709e-117,-1.44709e-117,-2.34145e-117,-6.03003e-133,2.34145e-117,1.44709e-117,-1.44709e-117,-2.34145e-117,0,
0,-2.34145e-117,-1.44709e-117,1.44709e-117,2.34145e-117,6.03003e-133,-2.34145e-117,-1.44709e-117,1.44709e-117,2.34145e-117,0,
0,-3.78854e-117,-2.34145e-117,2.34145e-117,3.78854e-117,9.75679e-133,-3.78854e-117,-2.34145e-117,2.34145e-117,3.78854e-117,0,
0,-9.75679e-133,-6.03003e-133,6.03003e-133,9.75679e-133,2.5127e-148,-9.75679e-133,-6.03003e-133,6.03003e-133,9.75679e-133,0,
0,3.78854e-117,2.34145e-117,-2.34145e-117,-3.78854e-117,-9.75679e-133,3.78854e-117,2.34145e-117,-2.34145e-117,-3.78854e-117,0,
0,2.34145e-117,1.44709e-117,-1.44709e-117,-2.34145e-117,-6.03003e-133,2.34145e-117,1.44709e-117,-1.44709e-117,-2.34145e-117,0,
0,-2.34145e-117,-1.44709e-117,1.44709e-117,2.34145e-117,6.03003e-133,-2.34145e-117,-1.44709e-117,1.44709e-117,2.34145e-117,0,
0,-3.78854e-117,-2.34145e-117,2.34145e-117,3.78854e-117,9.75679e-133,-3.78854e-117,-2.34145e-117,2.34145e-117,3.78854e-117,0,
0,0,0,0,0,0,0,0,0,0,0
Time = 14
0,0,0,0,0,0,0,0,0,0,0,
0,1.41065e-120,8.71832e-121,-8.71832e-121,-1.41065e-120,-3.63291e-136,1.41065e-120,8.71832e-121,-8.71832e-121,-1.41065e-120,0,
0,8.71832e-121,5.38822e-121,-5.38822e-121,-8.71832e-121,-2.24526e-136,8.71832e-121,5.38822e-121,-5.38822e-121,-8.71832e-121,0,
0,-8.71832e-121,-5.38822e-121,5.38822e-121,8.71832e-121,2.24526e-136,-8.71832e-121,-5.38822e-121,5.38822e-121,8.71832e-121,0,
0,-1.41065e-120,-8.71832e-121,8.71832e-121,1.41065e-120,3.63291e-136,-1.41065e-120,-8.71832e-121,8.71832e-121,1.41065e-120,0,
0,-3.63291e-136,-2.24526e-136,2.24526e-136,3.63291e-136,9.35598e-152,-3.63291e-136,-2.24526e-136,2.24526e-136,3.63291e-136,0,
0,1.41065e-120,8.71832e-121,-8.71832e-121,-1.41065e-120,-3.63291e-136,1.41065e-120,8.71832e-121,-8.71832e-121,-1.41065e-120,0,
0,8.71832e-121,5.38822e-121,-5.38822e-121,-8.71832e-121,-2.24526e-136,8.71832e-121,5.38822e-121,-5.38822e-121,-8.71832e-121,0,
