Time = 0.0004
0,0,0,0,0,0,0,0,0,0,0,
0,0.0252653,0.0501321,0.0742083,0.0971141,0.118488,0.137994,0.155324,0.170204,0.182399,0,
0,0.0501321,0.0994735,0.147246,0.192697,0.235108,0.273812,0.308198,0.337723,0.361922,0,
0,0.0742083,0.147246,0.217962,0.28524,0.34802,0.405312,0.456211,0.499916,0.535737,0,
0,0.0971141,0.192697,0.28524,0.373286,0.455444,0.53042,0.59703,0.654225,0.701103,0,
0,0.118488,0.235108,0.34802,0.455444,0.555685,0.647162,0.728434,0.798217,0.855412,0,
0,0.137994,0.273812,0.405312,0.53042,0.647162,0.753699,0.848349,0.92962,0.996231,0,
0,0.155324,0.308198,0.456211,0.59703,0.728434,0.848349,0.954886,1.04636,1.12134,0,
0,0.170204,0.337723,0.499916,0.654225,0.798217,0.92962,1.04636,1.1466,1.22876,0,
0,0.182399,0.361922,0.535737,0.701103,0.855412,0.996231,1.12134,1.22876,1.31681,0,
0,0,0,0,0,0,0,0,0,0,0
Time = 0.004
0,0,0,0,0,0,0,0,0,0,0,
0,0.0235322,0.0466932,0.0691179,0.0904526,0.110361,0.128528,0.144669,0.158528,0.169888,0,
0,0.0466932,0.0926501,0.137146,0.179479,0.218981,0.25503,0.287057,0.314557,0.337096,0,
0,0.0691179,0.137146,0.203011,0.265674,0.324148,0.377509,0.424917,0.465624,0.498988,0,
0,0.0904526,0.179479,0.265674,0.34768,0.424203,0.494035,0.556077,0.609349,0.653011,0,
0,0.110361,0.218981,0.324148,0.424203,0.517568,0.60277,0.678467,0.743463,0.796735,0,
0,0.128528,0.25503,0.377509,0.494035,0.60277,0.701999,0.790157,0.865853,0.927895,0,
0,0.144669,0.287057,0.424917,0.556077,0.678467,0.790157,0.889385,0.974588,1.04442,0,
0,0.158528,0.314557,0.465624,0.609349,0.743463,0.865853,0.974588,1.06795,1.14448,0,
0,0.169888,0.337096,0.498988,0.653011,0.796735,0.927895,1.04442,1.14448,1.22648,0,
0,0,0,0,0,0,0,0,0,0,0
Time = 0.008
0,0,0,0,0,0,0,0,0,0,0,
0,0.0217456,0.0431483,0.0638705,0.0835854,0.101982,0.118771,0.133686,0.146493,0.15699,0,
0,0.0431483,0.0856161,0.126734,0.165853,0.202356,0.235668,0.265263,0.290676,0.311503,0,
0,0.0638705,0.126734,0.187598,0.245504,0.299539,0.348849,0.392658,0.430274,0.461105,0,
0,0.0835854,0.165853,0.245504,0.321284,0.391997,0.456528,0.513859,0.563087,0.603434,0,
0,0.101982,0.202356,0.299539,0.391997,0.478274,0.557008,0.626957,0.687019,0.736247,0,
0,0.118771,0.235668,0.348849,0.456528,0.557008,0.648703,0.730168,0.800117,0.857449,0,
0,0.133686,0.265263,0.392658,0.513859,0.626957,0.730168,0.821863,0.900597,0.965128,0,
0,0.146493,0.290676,0.430274,0.563087,0.687019,0.800117,0.900597,0.986874,1.05759,0,
0,0.15699,0.311503,0.461105,0.603434,0.736247,0.857449,0.965128,1.05759,1.13337,0,
0,0,0,0,0,0,0,0,0,0,0
Time = 0.012
0,0,0,0,0,0,0,0,0,0,0,
0,0.0200947,0.0398725,0.0590214,0.0772396,0.0942396,0.109753,0.123536,0.135371,0.145071,0,
0,0.0398725,0.0791161,0.117112,0.153261,0.186993,0.217776,0.245125,0.268607,0.287854,0,
0,0.0590214,0.117112,0.173356,0.226866,0.276797,0.322364,0.362847,0.397608,0.426098,0,
0,0.0772396,0.153261,0.226866,0.296892,0.362237,0.421868,0.474847,0.520337,0.557621,0,
0,0.0942396,0.186993,0.276797,0.362237,0.441963,0.51472,0.579359,0.634861,0.680351,0,
0,0.109753,0.217776,0.322364,0.421868,0.51472,0.599453,0.674733,0.739372,0.792351,0,
0,0.123536,0.245125,0.362847,0.474847,0.579359,0.674733,0.759467,0.832223,0.891855,0,
0,0.135371,0.268607,0.397608,0.520337,0.634861,0.739372,0.832223,0.91195,0.977294,0,
0,0.145071,0.287854,0.426098,0.557621,0.680351,0.792351,0.891855,0.977294,1.04732,0,
0,0,0,0,0,0,0,0,0,0,0
Time = 0.016
0,0,0,0,0,0,0,0,0,0,0,
0,0.0185691,0.0368453,0.0545405,0.0713755,0.0870849,0.101421,0.114158,0.125094,0.134057,0,
0,0.0368453,0.0731096,0.108221,0.141625,0.172797,0.201242,0.226515,0.248215,0.266,0,
0,0.0545405,0.108221,0.160195,0.209642,0.255783,0.29789,0.3353,0.367421,0.393748,0,
0,0.0713755,0.141625,0.209642,0.274352,0.334736,0.38984,0.438797,0.480833,0.515287,0,
0,0.0870849,0.172797,0.255783,0.334736,0.408409,0.475642,0.535374,0.586662,0.628699,0,
0,0.101421,0.201242,0.29789,0.38984,0.475642,0.553943,0.623507,0.683239,0.732196,0,
0,0.114158,0.226515,0.3353,0.438797,0.535374,0.623507,0.701808,0.769041,0.824145,0,
0,0.125094,0.248215,0.367421,0.480833,0.586662,0.683239,0.769041,0.842715,0.903098,0,
0,0.134057,0.266,0.393748,0.515287,0.628699,0.732196,0.824145,0.903098,0.967808,0,
0,0,0,0,0,0,0,0,0,0,0
Time = 0.02
0,0,0,0,0,0,0,0,0,0,0,
0,0.0171593,0.034048,0.0503998,0.0659567,0.0804734,0.0937211,0.105491,0.115597,0.12388,0,
0,0.034048,0.0675591,0.100005,0.130873,0.159678,0.185964,0.209318,0.22937,0.245805,0,
0,0.0503998,0.100005,0.148033,0.193726,0.236364,0.275274,0.309844,0.339526,0.363855,0,
0,0.0659567,0.130873,0.193726,0.253523,0.309322,0.360243,0.405483,0.444328,0.476166,0,
0,0.0804734,0.159678,0.236364,0.309322,0.377403,0.439531,0.494728,0.542123,0.580968,0,
0,0.0937211,0.185964,0.275274,0.360243,0.439531,0.511887,0.576171,0.631367,0.676607,0,
0,0.105491,0.209318,0.309844,0.405483,0.494728,0.576171,0.648527,0.710655,0.761576,0,
0,0.115597,0.22937,0.339526,0.444328,0.542123,0.631367,0.710655,0.778735,0.834535,0,
0,0.12388,0.245805,0.363855,0.476166,0.580968,0.676607,0.761576,0.834535,0.894332,0,
0,0,0,0,0,0,0,0,0,0,0
Time = 0.024
0,0,0,0,0,0,0,0,0,0,0,
0,0.0158566,0.0314631,0.0465734,0.0609493,0.0743639,0.0866057,0.0974818,0.10682,0.114475,0,
0,0.0314631,0.06243,0.0924124,0.120937,0.147555,0.171846,0.193426,0.211956,0.227144,0,
0,0.0465734,0.0924124,0.136794,0.179018,0.218419,0.254375,0.28632,0.31375,0.336231,0,
0,0.0609493,0.120937,0.179018,0.234276,0.285839,0.332894,0.374699,0.410595,0.440015,0,
0,0.0743639,0.147555,0.218419,0.285839,0.34875,0.406162,0.457168,0.500965,0.53686,0,
0,0.0866057,0.171846,0.254375,0.332894,0.406162,0.473025,0.532428,0.583434,0.625239,0,
0,0.0974818,0.193426,0.28632,0.374699,0.457168,0.532428,0.59929,0.656702,0.703757,0,
0,0.10682,0.211956,0.31375,0.410595,0.500965,0.583434,0.656702,0.719614,0.771177,0,
0,0.114475,0.227144,0.336231,0.440015,0.53686,0.625239,0.703757,0.771177,0.826434,0,
0,0,0,0,0,0,0,0,0,0,0
Time = 0.028
0,0,0,0,0,0,0,0,0,0,0,
0,0.0146527,0.0290744,0.0430376,0.056322,0.0687182,0.0800306,0.090081,0.0987106,0.105784,0,
0,0.0290744,0.0576903,0.0853964,0.111756,0.136353,0.158799,0.178741,0.195865,0.209899,0,
0,0.0430376,0.0853964,0.126408,0.165427,0.201837,0.235063,0.264583,0.28993,0.310704,0,
0,0.056322,0.111756,0.165427,0.216489,0.264138,0.30762,0.346252,0.379422,0.406609,0,
0,0.0687182,0.136353,0.201837,0.264138,0.322273,0.375326,0.42246,0.462931,0.496102,0,
0,0.0800306,0.158799,0.235063,0.30762,0.375326,0.437113,0.492006,0.539139,0.577771,0,
0,0.090081,0.178741,0.264583,0.346252,0.42246,0.492006,0.553792,0.606845,0.650328,0,
0,0.0987106,0.195865,0.28993,0.379422,0.462931,0.539139,0.606845,0.664981,0.712629,0,
0,0.105784,0.209899,0.310704,0.406609,0.496102,0.577771,0.650328,0.712629,0.763691,0,
0,0,0,0,0,0,0,0,0,0,0
Time = 0.032
0,0,0,0,0,0,0,0,0,0,0,
0,0.0135403,0.0268671,0.0397701,0.052046,0.0635011,0.0739547,0.083242,0.0912165,0.0977525,0,
0,0.0268671,0.0533104,0.0789131,0.103271,0.126001,0.146743,0.165171,0.180994,0.193963,0,
0,0.0397701,0.0789131,0.116812,0.152868,0.186513,0.217217,0.244496,0.267918,0.287115,0,
0,0.052046,0.103271,0.152868,0.200054,0.244084,0.284266,0.319964,0.350616,0.375739,0,
0,0.0635011,0.126001,0.186513,0.244084,0.297806,0.346831,0.390387,0.427785,0.458438,0,
0,0.0739547,0.146743,0.217217,0.284266,0.346831,0.403927,0.454652,0.498208,0.533906,0,
0,0.083242,0.165171,0.244496,0.319964,0.390387,0.454652,0.511748,0.560773,0.600955,0,
0,0.0912165,0.180994,0.267918,0.350616,0.427785,0.498208,0.560773,0.614495,0.658526,0,
0,0.0977525,0.193963,0.287115,0.375739,0.458438,0.533906,0.600955,0.658526,0.705712,0,
0,0,0,0,0,0,0,0,0,0,0
Time = 0.036
0,0,0,0,0,0,0,0,0,0,0,
0,0.0125123,0.0248273,0.0367508,0.0480947,0.0586801,0.06834,0.0769222,0.0842913,0.0903311,0,
0,0.0248273,0.0492631,0.072922,0.0954308,0.116435,0.135602,0.152631,0.167253,0.179238,0,
0,0.0367508,0.072922,0.107943,0.141262,0.172353,0.200726,0.225933,0.247578,0.265318,0,
0,0.0480947,0.0954308,0.141262,0.184865,0.225553,0.262684,0.295672,0.323998,0.347213,0,
0,0.0586801,0.116435,0.172353,0.225553,0.275197,0.3205,0.360748,0.395308,0.423633,0,
0,0.06834,0.135602,0.200726,0.262684,0.3205,0.373261,0.420135,0.460384,0.493372,0,
0,0.0769222,0.152631,0.225933,0.295672,0.360748,0.420135,0.472896,0.518199,0.55533,0,
0,0.0842913,0.167253,0.247578,0.323998,0.395308,0.460384,0.518199,0.567842,0.60853,0,
0,0.0903311,0.179238,0.265318,0.347213,0.423633,0.493372,0.55533,0.60853,0.652134,0,
0,0,0,0,0,0,0,0,0,0,0
