Time = 0.0001
0,0,0,0,0,0,0,0,0,0,0,
0,0.00637898,0.0127328,0.0190363,0.0252648,0.0313935,0.0373983,0.0432555,0.048942,0.0544354,0,
0,0.0127328,0.0254153,0.0379975,0.0504298,0.0626631,0.074649,0.0863403,0.0976909,0.108656,0,
0,0.0190363,0.0379975,0.0568088,0.0753958,0.0936853,0.111605,0.129084,0.146054,0.162448,0,
0,0.0252648,0.0504298,0.0753958,0.100064,0.124338,0.148121,0.171319,0.193841,0.215598,0,
0,0.0313935,0.0626631,0.0936853,0.124338,0.1545,0.184052,0.212878,0.240863,0.267898,0,
0,0.0373983,0.074649,0.111605,0.148121,0.184052,0.219257,0.253596,0.286935,0.319141,0,
0,0.0432555,0.0863403,0.129084,0.171319,0.212878,0.253596,0.293313,0.331873,0.369124,0,
0,0.048942,0.0976909,0.146054,0.193841,0.240863,0.286935,0.331873,0.375503,0.41765,0,
0,0.0544354,0.108656,0.162448,0.215598,0.267898,0.319141,0.369124,0.41765,0.464528,0,
0,0,0,0,0,0,0,0,0,0,0
Time = 0.001
0,0,0,0,0,0,0,0,0,0,0,
0,0.00626665,0.0125086,0.0187011,0.0248199,0.0308407,0.0367398,0.0424939,0.0480803,0.0534769,0,
0,0.0125086,0.0249678,0.0373285,0.0495418,0.0615597,0.0733346,0.08482,0.0959707,0.106743,0,
0,0.0187011,0.0373285,0.0558085,0.0740682,0.0920357,0.10964,0.126811,0.143482,0.159587,0,
0,0.0248199,0.0495418,0.0740682,0.0983023,0.122148,0.145513,0.168302,0.190428,0.211802,0,
0,0.0308407,0.0615597,0.0920357,0.122148,0.151779,0.180811,0.209129,0.236622,0.263181,0,
0,0.0367398,0.0733346,0.10964,0.145513,0.180811,0.215396,0.249131,0.281882,0.313521,0,
0,0.0424939,0.08482,0.126811,0.168302,0.209129,0.249131,0.288149,0.32603,0.362624,0,
0,0.0480803,0.0959707,0.143482,0.190428,0.236622,0.281882,0.32603,0.368891,0.410296,0,
0,0.0534769,0.106743,0.159587,0.211802,0.263181,0.313521,0.362624,0.410296,0.456348,0,
0,0,0,0,0,0,0,0,0,0,0
Time = 0.002
0,0,0,0,0,0,0,0,0,0,0,
0,0.00614417,0.0122641,0.0183356,0.0243348,0.0302379,0.0360217,0.0416633,0.0471405,0.0524316,0,
0,0.0122641,0.0244798,0.0365989,0.0485735,0.0603564,0.0719012,0.0831622,0.0940949,0.104656,0,
0,0.0183356,0.0365989,0.0547177,0.0726205,0.0902368,0.107497,0.124333,0.140678,0.156468,0,
0,0.0243348,0.0485735,0.0726205,0.096381,0.119761,0.142668,0.165013,0.186706,0.207662,0,
0,0.0302379,0.0603564,0.0902368,0.119761,0.148813,0.177277,0.205042,0.231997,0.258037,0,
0,0.0360217,0.0719012,0.107497,0.142668,0.177277,0.211186,0.244261,0.276372,0.307393,0,
0,0.0416633,0.0831622,0.124333,0.165013,0.205042,0.244261,0.282517,0.319657,0.355536,0,
0,0.0471405,0.0940949,0.140678,0.186706,0.231997,0.276372,0.319657,0.36168,0.402276,0,
0,0.0524316,0.104656,0.156468,0.207662,0.258037,0.307393,0.355536,0.402276,0.447429,0,
0,0,0,0,0,0,0,0,0,0,0
Time = 0.003
0,0,0,0,0,0,0,0,0,0,0,
0,0.00602408,0.0120244,0.0179772,0.0238591,0.0296469,0.0353176,0.040849,0.0462191,0.0514068,0,
0,0.0120244,0.0240013,0.0358835,0.0476241,0.0591767,0.0704958,0.0815367,0.0922558,0.102611,0,
0,0.0179772,0.0358835,0.0536482,0.0712011,0.088473,0.105396,0.121903,0.137928,0.15341,0,
0,0.0238591,0.0476241,0.0712011,0.0944971,0.11742,0.13988,0.161788,0.183057,0.203603,0,
0,0.0296469,0.0591767,0.088473,0.11742,0.145904,0.173812,0.201034,0.227462,0.252993,0,
0,0.0353176,0.0704958,0.105396,0.13988,0.173812,0.207058,0.239487,0.270971,0.301385,0,
0,0.040849,0.0815367,0.121903,0.161788,0.201034,0.239487,0.276995,0.313409,0.348587,0,
0,0.0462191,0.0922558,0.137928,0.183057,0.227462,0.270971,0.313409,0.354611,0.394414,0,
0,0.0514068,0.102611,0.15341,0.203603,0.252993,0.301385,0.348587,0.394414,0.438683,0,
0,0,0,0,0,0,0,0,0,0,0
Time = 0.004
0,0,0,0,0,0,0,0,0,0,0,
0,0.00590633,0.0117894,0.0176259,0.0233928,0.0290674,0.0346273,0.0400505,0.0453157,0.0504021,0,
0,0.0117894,0.0235322,0.0351821,0.0466932,0.0580201,0.0691179,0.079943,0.0904526,0.100605,0,
0,0.0176259,0.0351821,0.0525996,0.0698094,0.0867438,0.103336,0.11952,0.135232,0.150411,0,
0,0.0233928,0.0466932,0.0698094,0.0926501,0.115125,0.137146,0.158625,0.179479,0.199624,0,
0,0.0290674,0.0580201,0.0867438,0.115125,0.143052,0.170415,0.197105,0.223017,0.248048,0,
0,0.0346273,0.0691179,0.103336,0.137146,0.170415,0.203011,0.234806,0.265674,0.295494,0,
0,0.0400505,0.079943,0.11952,0.158625,0.197105,0.234806,0.271581,0.307284,0.341774,0,
0,0.0453157,0.0904526,0.135232,0.179479,0.223017,0.265674,0.307284,0.34768,0.386704,0,
0,0.0504021,0.100605,0.150411,0.199624,0.248048,0.295494,0.341774,0.386704,0.430109,0,
0,0,0,0,0,0,0,0,0,0,0
Time = 0.005
0,0,0,0,0,0,0,0,0,0,0,
0,0.00579089,0.0115589,0.0172813,0.0229356,0.0284993,0.0339505,0.0392677,0.04443,0.0494169,0,
0,0.0115589,0.0230722,0.0344945,0.0457806,0.056886,0.067767,0.0783805,0.0886846,0.0986388,0,
0,0.0172813,0.0344945,0.0515715,0.068445,0.0850483,0.101316,0.117184,0.132589,0.147471,0,
0,0.0229356,0.0457806,0.068445,0.0908392,0.112875,0.134465,0.155525,0.175971,0.195722,0,
0,0.0284993,0.056886,0.0850483,0.112875,0.140256,0.167084,0.193252,0.218658,0.2432,0,
0,0.0339505,0.067767,0.101316,0.134465,0.167084,0.199043,0.230216,0.260482,0.289719,0,
0,0.0392677,0.0783805,0.117184,0.155525,0.193252,0.230216,0.266272,0.301277,0.335094,0,
0,0.04443,0.0886846,0.132589,0.175971,0.218658,0.260482,0.301277,0.340884,0.379146,0,
0,0.0494169,0.0986388,0.147471,0.195722,0.2432,0.289719,0.335094,0.379146,0.421702,0,
0,0,0,0,0,0,0,0,0,0,0
Time = 0.006
0,0,0,0,0,0,0,0,0,0,0,
0,0.0056777,0.011333,0.0169436,0.0224873,0.0279422,0.0332869,0.0385002,0.0435616,0.048451,0,
0,0.011333,0.0226213,0.0338203,0.0448858,0.0557742,0.0664424,0.0768485,0.0869512,0.0967108,0,
0,0.0169436,0.0338203,0.0505635,0.0671072,0.083386,0.0993357,0.114893,0.129998,0.144589,0,
0,0.0224873,0.0448858,0.0671072,0.0890637,0.110669,0.131837,0.152485,0.172531,0.191896,0,
0,0.0279422,0.0557742,0.083386,0.110669,0.137515,0.163818,0.189475,0.214384,0.238447,0,
0,0.0332869,0.0664424,0.0993357,0.131837,0.163818,0.195152,0.225717,0.25539,0.284056,0,
0,0.0385002,0.0768485,0.114893,0.152485,0.189475,0.225717,0.261068,0.295389,0.328544,0,
0,0.0435616,0.0869512,0.129998,0.172531,0.214384,0.25539,0.295389,0.334222,0.371735,0,
0,0.048451,0.0967108,0.144589,0.191896,0.238447,0.284056,0.328544,0.371735,0.41346,0,
0,0,0,0,0,0,0,0,0,0,0
Time = 0.007
0,0,0,0,0,0,0,0,0,0,0,
0,0.00556673,0.0111115,0.0166124,0.0220477,0.0273961,0.0326363,0.0377477,0.0427101,0.047504,0,
0,0.0111115,0.0221791,0.0331592,0.0440085,0.054684,0.0651438,0.0753464,0.0852517,0.0948206,0,
0,0.0166124,0.0331592,0.0495752,0.0657955,0.0817562,0.0973942,0.112648,0.127457,0.141763,0,
0,0.0220477,0.0440085,0.0657955,0.0873229,0.108506,0.12926,0.149505,0.169159,0.188146,0,
0,0.0273961,0.054684,0.0817562,0.108506,0.134827,0.160616,0.185771,0.210193,0.233786,0,
0,0.0326363,0.0651438,0.0973942,0.12926,0.160616,0.191338,0.221305,0.250398,0.278504,0,
0,0.0377477,0.0753464,0.112648,0.149505,0.185771,0.221305,0.255965,0.289615,0.322122,0,
0,0.0427101,0.0852517,0.127457,0.169159,0.210193,0.250398,0.289615,0.327689,0.36447,0,
0,0.047504,0.0948206,0.141763,0.188146,0.233786,0.278504,0.322122,0.36447,0.405378,0,
0,0,0,0,0,0,0,0,0,0,0
Time = 0.008
0,0,0,0,0,0,0,0,0,0,0,
0,0.00545792,0.0108943,0.0162877,0.0216168,0.0268606,0.0319984,0.0370099,0.0418753,0.0465755,0,
0,0.0108943,0.0217456,0.0325111,0.0431483,0.0536152,0.0638705,0.0738737,0.0835854,0.0929672,0,
0,0.0162877,0.0325111,0.0486062,0.0645095,0.0801582,0.0954905,0.110446,0.124966,0.138992,0,
0,0.0216168,0.0431483,0.0645095,0.0856161,0.106385,0.126734,0.146582,0.165853,0.184468,0,
0,0.0268606,0.0536152,0.0801582,0.106385,0.132192,0.157477,0.18214,0.206085,0.229217,0,
0,0.0319984,0.0638705,0.0954905,0.126734,0.157477,0.187598,0.216979,0.245504,0.27306,0,
0,0.0370099,0.0738737,0.110446,0.146582,0.18214,0.216979,0.250962,0.283955,0.315826,0,
0,0.0418753,0.0835854,0.124966,0.165853,0.206085,0.245504,0.283955,0.321284,0.357346,0,
0,0.0465755,0.0929672,0.138992,0.184468,0.229217,0.27306,0.315826,0.357346,0.397455,0,
0,0,0,0,0,0,0,0,0,0,0
Time = 0.009
0,0,0,0,0,0,0,0,0,0,0,
0,0.00535124,0.0106814,0.0159693,0.0211943,0.0263356,0.031373,0.0362865,0.0410569,0.0456652,0,
0,0.0106814,0.0213206,0.0318757,0.0423049,0.0525672,0.0626221,0.0724298,0.0819517,0.0911501,0,
0,0.0159693,0.0318757,0.0476562,0.0632486,0.0785914,0.0936241,0.108287,0.122523,0.136275,0,
0,0.0211943,0.0423049,0.0632486,0.0839427,0.104305,0.124257,0.143717,0.162611,0.180863,0,
0,0.0263356,0.0525672,0.0785914,0.104305,0.129608,0.154399,0.17858,0.202057,0.224736,0,
0,0.031373,0.0626221,0.0936241,0.124257,0.154399,0.183932,0.212738,0.240706,0.267723,0,
0,0.0362865,0.0724298,0.108287,0.143717,0.17858,0.212738,0.246057,0.278404,0.309653,0,
0,0.0410569,0.0819517,0.122523,0.162611,0.202057,0.240706,0.278404,0.315004,0.350361,0,
0,0.0456652,0.0911501,0.136275,0.180863,0.224736,0.267723,0.309653,0.350361,0.389687,0,
0,0,0,0,0,0,0,0,0,0,0
Time = 0.01
0,0,0,0,0,0,0,0,0,0,0,
0,0.00524665,0.0104726,0.0156572,0.02078,0.0258208,0.0307598,0.0355773,0.0402544,0.0447726,0,
0,0.0104726,0.0209039,0.0312526,0.041478,0.0515398,0.0613981,0.0710141,0.0803499,0.0893685,0,
0,0.0156572,0.0312526,0.0467247,0.0620124,0.0770553,0.0917942,0.106171,0.120128,0.133612,0,
0,0.02078,0.041478,0.0620124,0.082302,0.102267,0.121828,0.140908,0.159433,0.177328,0,
0,0.0258208,0.0515398,0.0770553,0.102267,0.127075,0.151381,0.17509,0.198108,0.220344,0,
0,0.0307598,0.0613981,0.0917942,0.121828,0.151381,0.180336,0.20858,0.236001,0.26249,0,
0,0.0355773,0.0710141,0.106171,0.140908,0.17509,0.20858,0.241248,0.272963,0.303601,0,
0,0.0402544,0.0803499,0.120128,0.159433,0.198108,0.236001,0.272963,0.308847,0.343513,0,
0,0.0447726,0.0893685,0.133612,0.177328,0.220344,0.26249,0.303601,0.343513,0.38207,0,
0,0,0,0,0,0,0,0,0,0,0
Time = 0.011
0,0,0,0,0,0,0,0,0,0,0,
0,0.0051441,0.0102679,0.0153512,0.0203739,0.0253162,0.0301585,0.0348819,0.0394676,0.0438975,0,
0,0.0102679,0.0204953,0.0306418,0.0406673,0.0505324,0.060198,0.0696261,0.0787794,0.0876218,0,
0,0.0153512,0.0306418,0.0458114,0.0608003,0.0755492,0.09,0.104096,0.11778,0.131,0,
0,0.0203739,0.0406673,0.0608003,0.0806933,0.100268,0.119447,0.138154,0.156316,0.173862,0,
0,0.0253162,0.0505324,0.0755492,0.100268,0.124591,0.148422,0.171668,0.194236,0.216037,0,
0,0.0301585,0.060198,0.09,0.119447,0.148422,0.176812,0.204503,0.231388,0.25736,0,
0,0.0348819,0.0696261,0.104096,0.138154,0.171668,0.204503,0.236532,0.267628,0.297667,0,
0,0.0394676,0.0787794,0.11778,0.156316,0.194236,0.231388,0.267628,0.302811,0.336799,0,
0,0.0438975,0.0876218,0.131,0.173862,0.216037,0.25736,0.297667,0.336799,0.374602,0,
0,0,0,0,0,0,0,0,0,0,0
Time = 0.012
0,0,0,0,0,0,0,0,0,0,0,
0,0.00504356,0.0100672,0.0150511,0.0199756,0.0248213,0.0295691,0.0342001,0.0386962,0.0430395,0,
0,0.0100672,0.0200947,0.0300429,0.0398725,0.0495447,0.0590214,0.0682652,0.0772396,0.0859091,0,
0,0.0150511,0.0300429,0.044916,0.0596119,0.0740726,0.0882409,0.102061,0.115478,0.12844,0,
0,0.0199756,0.0398725,0.0596119,0.0791161,0.0983081,0.117112,0.135454,0.153261,0.170463,0,
0,0.0248213,0.0495447,0.0740726,0.0983081,0.122156,0.145521,0.168312,0.190439,0.211814,0,
0,0.0295691,0.0590214,0.0882409,0.117112,0.145521,0.173356,0.200506,0.226866,0.252329,0,
0,0.0342001,0.0682652,0.102061,0.135454,0.168312,0.200506,0.231909,0.262397,0.291849,0,
0,0.0386962,0.0772396,0.115478,0.153261,0.190439,0.226866,0.262397,0.296892,0.330216,0,
0,0.0430395,0.0859091,0.12844,0.170463,0.211814,0.252329,0.291849,0.330216,0.36728,0,
0,0,0,0,0,0,0,0,0,0,0
Time = 0.013
0,0,0,0,0,0,0,0,0,0,0,
0,0.00494498,0.00987044,0.0147569,0.0195852,0.0243362,0.0289911,0.0335316,0.0379398,0.0421983,0,
0,0.00987044,0.0197019,0.0294556,0.0390931,0.0485763,0.0578678,0.0669309,0.0757299,0.08423,0,
0,0.0147569,0.0294556,0.0440381,0.0584468,0.0726248,0.0865161,0.100066,0.113221,0.125929,0,
0,0.0195852,0.0390931,0.0584468,0.0775697,0.0963866,0.114823,0.132806,0.150265,0.167132,0,
0,0.0243362,0.0485763,0.0726248,0.0963866,0.119768,0.142677,0.165022,0.186717,0.207674,0,
0,0.0289911,0.0578678,0.0865161,0.114823,0.142677,0.169967,0.196587,0.222431,0.247397,0,
0,0.0335316,0.0669309,0.100066,0.132806,0.165022,0.196587,0.227376,0.257268,0.286144,0,
0,0.0379398,0.0757299,0.113221,0.150265,0.186717,0.222431,0.257268,0.291089,0.323762,0,
0,0.0421983,0.08423,0.125929,0.167132,0.207674,0.247397,0.286144,0.323762,0.360101,0,
0,0,0,0,0,0,0,0,0,0,0
Time = 0.014
0,0,0,0,0,0,0,0,0,0,0,
0,0.00484832,0.00967751,0.0144685,0.0192024,0.0238605,0.0284245,0.0328762,0.0371983,0.0413735,0,
0,0.00967751,0.0193168,0.0288799,0.038329,0.0476269,0.0567367,0.0656227,0.0742497,0.0825837,0,
0,0.0144685,0.0288799,0.0431774,0.0573044,0.0712053,0.0848251,0.0981102,0.111008,0.123468,0,
0,0.0192024,0.038329,0.0573044,0.0760536,0.0945026,0.112579,0.130211,0.147328,0.163865,0,
0,0.0238605,0.0476269,0.0712053,0.0945026,0.117427,0.139888,0.161797,0.183067,0.203615,0,
0,0.0284245,0.0567367,0.0848251,0.112579,0.139888,0.166645,0.192745,0.218084,0.242562,0,
0,0.0328762,0.0656227,0.0981102,0.130211,0.161797,0.192745,0.222932,0.252239,0.280551,0,
0,0.0371983,0.0742497,0.111008,0.147328,0.183067,0.218084,0.252239,0.2854,0.317434,0,
0,0.0413735,0.0825837,0.123468,0.163865,0.203615,0.242562,0.280551,0.317434,0.353063,0,
0,0,0,0,0,0,0,0,0,0,0
Time = 0.015
0,0,0,0,0,0,0,0,0,0,0,
0,0.00475356,0.00948836,0.0141857,0.0188271,0.0233941,0.0278689,0.0322336,0.0364712,0.0405648,0,
0,0.00948836,0.0189393,0.0283154,0.0375799,0.046696,0.0556278,0.0643401,0.0727984,0.0809695,0,
0,0.0141857,0.0283154,0.0423334,0.0561843,0.0698135,0.0831672,0.0961926,0.108838,0.121055,0,
0,0.0188271,0.0375799,0.0561843,0.0745671,0.0926555,0.110378,0.127665,0.144449,0.160662,0,
0,0.0233941,0.046696,0.0698135,0.0926555,0.115132,0.137154,0.158635,0.179489,0.199635,0,
0,0.0278689,0.0556278,0.0831672,0.110378,0.137154,0.163388,0.188978,0.213821,0.237821,0,
0,0.0322336,0.0643401,0.0961926,0.127665,0.158635,0.188978,0.218575,0.247309,0.275068,0,
0,0.0364712,0.0727984,0.108838,0.144449,0.179489,0.213821,0.247309,0.279821,0.311229,0,
0,0.0405648,0.0809695,0.121055,0.160662,0.199635,0.237821,0.275068,0.311229,0.346162,0,
0,0,0,0,0,0,0,0,0,0,0
Time = 0.016
0,0,0,0,0,0,0,0,0,0,0,
0,0.00466065,0.0093029,0.0139084,0.0184591,0.0229369,0.0273242,0.0316036,0.0357583,0.0397719,0,
0,0.0093029,0.0185691,0.027762,0.0368453,0.0457833,0.0545405,0.0630825,0.0713755,0.0793869,0,
0,0.0139084,0.027762,0.041506,0.0550862,0.068449,0.0815416,0.0943124,0.106711,0.118689,0,
0,0.0184591,0.0368453,0.0550862,0.0731096,0.0908445,0.108221,0.12517,0.141625,0.157522,0,
0,0.0229369,0.0457833,0.068449,0.0908445,0.112882,0.134473,0.155534,0.175981,0.195733,0,
0,0.0273242,0.0545405,0.0815416,0.108221,0.134473,0.160195,0.185284,0.209642,0.233173,0,
0,0.0316036,0.0630825,0.0943124,0.12517,0.155534,0.185284,0.214302,0.242475,0.269691,0,
0,0.0357583,0.0713755,0.106711,0.141625,0.175981,0.209642,0.242475,0.274352,0.305146,0,
0,0.0397719,0.0793869,0.118689,0.157522,0.195733,0.233173,0.269691,0.305146,0.339396,0,
0,0,0,0,0,0,0,0,0,0,0
Time = 0.017
0,0,0,0,0,0,0,0,0,0,0,
0,0.00456955,0.00912107,0.0136366,0.0180983,0.0224886,0.0267901,0.0309859,0.0350594,0.0389946,0,
0,0.00912107,0.0182061,0.0272194,0.0361252,0.0448884,0.0534745,0.0618495,0.0699805,0.0778352,0,
0,0.0136366,0.0272194,0.0406947,0.0540095,0.0671111,0.0799478,0.092469,0.104625,0.116369,0,
0,0.0180983,0.0361252,0.0540095,0.0716806,0.0890689,0.106106,0.122724,0.138857,0.154443,0,
0,0.0224886,0.0448884,0.0671111,0.0890689,0.110675,0.131845,0.152494,0.172541,0.191908,0,
0,0.0267901,0.0534745,0.0799478,0.106106,0.131845,0.157063,0.181662,0.205544,0.228615,0,
0,0.0309859,0.0618495,0.092469,0.122724,0.152494,0.181662,0.210114,0.237736,0.26442,0,
0,0.0350594,0.0699805,0.104625,0.138857,0.172541,0.205544,0.237736,0.26899,0.299182,0,
0,0.0389946,0.0778352,0.116369,0.154443,0.191908,0.228615,0.26442,0.299182,0.332763,0,
0,0,0,0,0,0,0,0,0,0,0
Time = 0.018
0,0,0,0,0,0,0,0,0,0,0,
0,0.00448024,0.00894279,0.0133701,0.0177446,0.022049,0.0262665,0.0303803,0.0343742,0.0382324,0,
0,0.00894279,0.0178503,0.0266873,0.0354191,0.044011,0.0524293,0.0606406,0.0686126,0.0763139,0,
0,0.0133701,0.0266873,0.0398993,0.0529538,0.0657993,0.0783852,0.0906617,0.10258,0.114094,0,
0,0.0177446,0.0354191,0.0529538,0.0702796,0.087328,0.104032,0.120325,0.136143,0.151424,0,
0,0.022049,0.044011,0.0657993,0.087328,0.108512,0.129268,0.149513,0.169169,0.188157,0,
0,0.0262665,0.0524293,0.0783852,0.104032,0.129268,0.153994,0.178112,0.201527,0.224147,0,
0,0.0303803,0.0606406,0.0906617,0.120325,0.149513,0.178112,0.206007,0.233089,0.259252,0,
0,0.0343742,0.0686126,0.10258,0.136143,0.169169,0.201527,0.233089,0.263732,0.293334,0,
0,0.0382324,0.0763139,0.114094,0.151424,0.188157,0.224147,0.259252,0.293334,0.326258,0,
0,0,0,0,0,0,0,0,0,0,0
Time = 0.019
0,0,0,0,0,0,0,0,0,0,0,
0,0.00439267,0.008768,0.0131087,0.0173977,0.0216181,0.0257531,0.0297865,0.0337023,0.0374851,0,
0,0.008768,0.0175014,0.0261657,0.0347268,0.0431508,0.0514045,0.0594554,0.0672716,0.0748223,0,
0,0.0131087,0.0261657,0.0391195,0.0519188,0.0645133,0.0768531,0.0888896,0.100575,0.111864,0,
0,0.0173977,0.0347268,0.0519188,0.0689059,0.0856211,0.101998,0.117973,0.133482,0.148465,0,
0,0.0216181,0.0431508,0.0645133,0.0856211,0.106391,0.126741,0.146591,0.165862,0.184479,0,
0,0.0257531,0.0514045,0.0768531,0.101998,0.126741,0.150984,0.17463,0.197588,0.219765,0,
0,0.0297865,0.0594554,0.0888896,0.117973,0.146591,0.17463,0.20198,0.228533,0.254185,0,
0,0.0337023,0.0672716,0.100575,0.133482,0.165862,0.197588,0.228533,0.258577,0.287601,0,
0,0.0374851,0.0748223,0.111864,0.148465,0.184479,0.219765,0.254185,0.287601,0.319882,0,
0,0,0,0,0,0,0,0,0,0,0
Time = 0.02
0,0,0,0,0,0,0,0,0,0,0,
0,0.00430681,0.00859662,0.0128525,0.0170577,0.0211955,0.0252497,0.0292043,0.0330436,0.0367524,0,
0,0.00859662,0.0171593,0.0256543,0.034048,0.0423074,0.0503998,0.0582933,0.0659567,0.0733598,0,
0,0.0128525,0.0256543,0.0383548,0.050904,0.0632523,0.0753509,0.0871522,0.0986095,0.109678,0,
0,0.0170577,0.034048,0.050904,0.0675591,0.0839476,0.100005,0.115667,0.130873,0.145563,0,
0,0.0211955,0.0423074,0.0632523,0.0839476,0.104312,0.124264,0.143726,0.16262,0.180873,0,
0,0.0252497,0.0503998,0.0753509,0.100005,0.124264,0.148033,0.171217,0.193726,0.21547,0,
0,0.0292043,0.0582933,0.0871522,0.115667,0.143726,0.171217,0.198033,0.224067,0.249216,0,
0,0.0330436,0.0659567,0.0986095,0.130873,0.16262,0.193726,0.224067,0.253523,0.281979,0,
0,0.0367524,0.0733598,0.109678,0.145563,0.180873,0.21547,0.249216,0.281979,0.313629,0,
0,0,0,0,0,0,0,0,0,0,0
Time = 0.021
0,0,0,0,0,0,0,0,0,0,0,
0,0.00422263,0.0084286,0.0126013,0.0167243,0.0207812,0.0247562,0.0286334,0.0323977,0.0360341,0,
0,0.0084286,0.0168239,0.0251529,0.0333825,0.0414805,0.0494147,0.0571539,0.0646675,0.071926,0,
0,0.0126013,0.0251529,0.0376052,0.0499091,0.062016,0.0738782,0.0854488,0.0966822,0.107534,0,
0,0.0167243,0.0333825,0.0499091,0.0662386,0.0823068,0.0980501,0.113406,0.128315,0.142718,0,
0,0.0207812,0.0414805,0.062016,0.0823068,0.102273,0.121835,0.140917,0.159442,0.177338,0,
0,0.0247562,0.0494147,0.0738782,0.0980501,0.121835,0.145139,0.16787,0.189939,0.211259,0,
0,0.0286334,0.0571539,0.0854488,0.113406,0.140917,0.16787,0.194162,0.219687,0.244345,0,
0,0.0323977,0.0646675,0.0966822,0.128315,0.159442,0.189939,0.219687,0.248568,0.276468,0,
0,0.0360341,0.071926,0.107534,0.142718,0.177338,0.211259,0.244345,0.276468,0.307499,0,
0,0,0,0,0,0,0,0,0,0,0
Time = 0.022
0,0,0,0,0,0,0,0,0,0,0,
0,0.0041401,0.00826386,0.012355,0.0163974,0.0203751,0.0242723,0.0280738,0.0317645,0.0353298,0,
0,0.00826386,0.0164951,0.0246612,0.0327301,0.0406697,0.0484488,0.0560368,0.0634036,0.0705201,0,
0,0.012355,0.0246612,0.0368702,0.0489336,0.0608038,0.0724342,0.0837786,0.0947924,0.105432,0,
0,0.0163974,0.0327301,0.0489336,0.0649439,0.080698,0.0961336,0.11119,0.125807,0.139928,0,
0,0.0203751,0.0406697,0.0608038,0.080698,0.100274,0.119454,0.138162,0.156325,0.173872,0,
0,0.0242723,0.0484488,0.0724342,0.0961336,0.119454,0.142302,0.164589,0.186227,0.207129,0,
0,0.0280738,0.0560368,0.0837786,0.11119,0.138162,0.164589,0.190367,0.215393,0.239569,0,
0,0.0317645,0.0634036,0.0947924,0.125807,0.156325,0.186227,0.215393,0.24371,0.271064,0,
0,0.0353298,0.0705201,0.105432,0.139928,0.173872,0.207129,0.239569,0.271064,0.301489,0,
0,0,0,0,0,0,0,0,0,0,0
Time = 0.023
0,0,0,0,0,0,0,0,0,0,0,
0,0.00405918,0.00810233,0.0121135,0.0160769,0.0199768,0.0237979,0.0275251,0.0311436,0.0346392,0,
0,0.00810233,0.0161727,0.0241792,0.0320903,0.0398748,0.0475019,0.0549415,0.0621643,0.0691418,0,
0,0.0121135,0.0241792,0.0361495,0.0479771,0.0596154,0.0710184,0.0821411,0.0929397,0.103371,0,
0,0.0160769,0.0320903,0.0479771,0.0636746,0.0791207,0.0942546,0.109017,0.123348,0.137193,0,
0,0.0199768,0.0398748,0.0596154,0.0791207,0.0983138,0.117119,0.135462,0.15327,0.170473,0,
0,0.0237979,0.0475019,0.0710184,0.0942546,0.117119,0.139521,0.161372,0.182587,0.203081,0,
0,0.0275251,0.0549415,0.0821411,0.109017,0.135462,0.161372,0.186646,0.211183,0.234887,0,
0,0.0311436,0.0621643,0.0929397,0.123348,0.15327,0.182587,0.211183,0.238946,0.265766,0,
0,0.0346392,0.0691418,0.103371,0.137193,0.170473,0.203081,0.234887,0.265766,0.295596,0,
0,0,0,0,0,0,0,0,0,0,0
Time = 0.024
0,0,0,0,0,0,0,0,0,0,0,
0,0.00397984,0.00794397,0.0118767,0.0157627,0.0195864,0.0233328,0.0269871,0.0305349,0.0339622,0,
0,0.00794397,0.0158566,0.0237066,0.0314631,0.0390954,0.0465734,0.0538676,0.0609493,0.0677903,0,
0,0.0118767,0.0237066,0.0354429,0.0470394,0.0584502,0.0696303,0.0805356,0.0911231,0.101351,0,
0,0.0157627,0.0314631,0.0470394,0.06243,0.0775743,0.0924124,0.106886,0.120937,0.134512,0,
0,0.0195864,0.0390954,0.0584502,0.0775743,0.0963922,0.11483,0.132814,0.150274,0.167141,0,
0,0.0233328,0.0465734,0.0696303,0.0924124,0.11483,0.136794,0.158218,0.179018,0.199111,0,
0,0.0269871,0.0538676,0.0805356,0.106886,0.132814,0.158218,0.182998,0.207055,0.230296,0,
0,0.0305349,0.0609493,0.0911231,0.120937,0.150274,0.179018,0.207055,0.234276,0.260571,0,
0,0.0339622,0.0677903,0.101351,0.134512,0.167141,0.199111,0.230296,0.260571,0.289818,0,
0,0,0,0,0,0,0,0,0,0,0
Time = 0.025
0,0,0,0,0,0,0,0,0,0,0,
0,0.00390205,0.0077887,0.0116446,0.0154546,0.0192035,0.0228767,0.0264596,0.0299381,0.0332984,0,
0,0.0077887,0.0155467,0.0232433,0.0308481,0.0383313,0.0456631,0.0528148,0.059758,0.0664653,0,
0,0.0116446,0.0232433,0.0347502,0.04612,0.0573077,0.0682693,0.0789615,0.089342,0.09937,0,
0,0.0154546,0.0308481,0.04612,0.0612098,0.076058,0.0906061,0.104797,0.118574,0.131882,0,
0,0.0192035,0.0383313,0.0573077,0.076058,0.0945081,0.112585,0.130218,0.147337,0.163874,0,
0,0.0228767,0.0456631,0.0682693,0.0906061,0.112585,0.13412,0.155126,0.175519,0.19522,0,
0,0.0264596,0.0528148,0.0789615,0.104797,0.130218,0.155126,0.179421,0.203008,0.225795,0,
0,0.0299381,0.059758,0.089342,0.118574,0.147337,0.175519,0.203008,0.229697,0.255478,0,
0,0.0332984,0.0664653,0.09937,0.131882,0.163874,0.19522,0.225795,0.255478,0.284154,0,
0,0,0,0,0,0,0,0,0,0,0
Time = 0.026
0,0,0,0,0,0,0,0,0,0,0,
0,0.00382578,0.00763646,0.011417,0.0151525,0.0188282,0.0224296,0.0259424,0.0293529,0.0326475,0,
0,0.00763646,0.0152428,0.022789,0.0302452,0.0375821,0.0447706,0.0517825,0.05859,0.0651662,0,
0,0.011417,0.022789,0.034071,0.0452185,0.0561876,0.0669349,0.0774181,0.0875958,0.0974277,0,
0,0.0151525,0.0302452,0.0452185,0.0600134,0.0745714,0.0888351,0.102748,0.116256,0.129305,0,
0,0.0188282,0.0375821,0.0561876,0.0745714,0.0926609,0.110385,0.127673,0.144457,0.160671,0,
0,0.0224296,0.0447706,0.0669349,0.0888351,0.110385,0.131499,0.152094,0.172088,0.191404,0,
0,0.0259424,0.0517825,0.0774181,0.102748,0.127673,0.152094,0.175914,0.19904,0.221381,0,
0,0.0293529,0.05859,0.0875958,0.116256,0.144457,0.172088,0.19904,0.225207,0.250485,0,
0,0.0326475,0.0651662,0.0974277,0.129305,0.160671,0.191404,0.221381,0.250485,0.2786,0,
0,0,0,0,0,0,0,0,0,0,0
Time = 0.027
0,0,0,0,0,0,0,0,0,0,0,
0,0.003751,0.0074872,0.0111939,0.0148563,0.0184602,0.0219912,0.0254354,0.0287792,0.0320094,0,
0,0.0074872,0.0149449,0.0223435,0.029654,0.0368475,0.0438955,0.0507703,0.0574448,0.0638925,0,
0,0.0111939,0.0223435,0.033405,0.0443347,0.0550894,0.0656267,0.0759049,0.0858837,0.0955234,0,
0,0.0148563,0.029654,0.0443347,0.0588404,0.0731139,0.0870988,0.10074,0.113984,0.126777,0,
0,0.0184602,0.0368475,0.0550894,0.0731139,0.0908498,0.108227,0.125177,0.141634,0.157531,0,
0,0.0219912,0.0438955,0.0656267,0.0870988,0.108227,0.128928,0.149121,0.168725,0.187663,0,
0,0.0254354,0.0507703,0.0759049,0.10074,0.125177,0.149121,0.172476,0.19515,0.217054,0,
0,0.0287792,0.0574448,0.0858837,0.113984,0.141634,0.168725,0.19515,0.220805,0.245589,0,
0,0.0320094,0.0638925,0.0955234,0.126777,0.157531,0.187663,0.217054,0.245589,0.273154,0,
0,0,0,0,0,0,0,0,0,0,0
Time = 0.028
0,0,0,0,0,0,0,0,0,0,0,
0,0.00367769,0.00734086,0.0109751,0.0145659,0.0180994,0.0215613,0.0249382,0.0282167,0.0313838,0,
0,0.00734086,0.0146527,0.0219068,0.0290744,0.0361273,0.0430376,0.049778,0.056322,0.0626437,0,
0,0.0109751,0.0219068,0.0327521,0.0434681,0.0540126,0.0643439,0.0744213,0.084205,0.0936564,0,
0,0.0145659,0.0290744,0.0434681,0.0576903,0.0716848,0.0853964,0.098771,0.111756,0.124299,0,
0,0.0180994,0.0361273,0.0540126,0.0716848,0.0890741,0.106112,0.122731,0.138865,0.154452,0,
0,0.0215613,0.0430376,0.0643439,0.0853964,0.106112,0.126408,0.146206,0.165427,0.183995,0,
0,0.0249382,0.049778,0.0744213,0.098771,0.122731,0.146206,0.169105,0.191336,0.212812,0,
0,0.0282167,0.056322,0.084205,0.111756,0.138865,0.165427,0.191336,0.216489,0.240789,0,
0,0.0313838,0.0626437,0.0936564,0.124299,0.154452,0.183995,0.212812,0.240789,0.267815,0,
0,0,0,0,0,0,0,0,0,0,0
Time = 0.029
0,0,0,0,0,0,0,0,0,0,0,
0,0.0036058,0.00719738,0.0107605,0.0142812,0.0177456,0.0211399,0.0244508,0.0276652,0.0307704,0,
0,0.00719738,0.0143664,0.0214786,0.0285061,0.0354211,0.0421964,0.0488051,0.0552211,0.0614193,0,
0,0.0107605,0.0214786,0.0321119,0.0426185,0.0529569,0.0630863,0.0729667,0.0825592,0.0918258,0,
0,0.0142812,0.0285061,0.0426185,0.0565627,0.0702837,0.0837273,0.0968404,0.109571,0.12187,0,
0,0.0177456,0.0354211,0.0529569,0.0702837,0.0873331,0.104038,0.120332,0.136151,0.151433,0,
0,0.0211399,0.0421964,0.0630863,0.0837273,0.104038,0.123938,0.143349,0.162194,0.180399,0,
0,0.0244508,0.0488051,0.0729667,0.0968404,0.120332,0.143349,0.165799,0.187596,0.208652,0,
0,0.0276652,0.0552211,0.0825592,0.109571,0.136151,0.162194,0.187596,0.212258,0.236082,0,
0,0.0307704,0.0614193,0.0918258,0.12187,0.151433,0.180399,0.208652,0.236082,0.262581,0,
0,0,0,0,0,0,0,0,0,0,0
Time = 0.03
0,0,0,0,0,0,0,0,0,0,0,
0,0.00353533,0.0070567,0.0105502,0.0140021,0.0173987,0.0207267,0.0239729,0.0271244,0.0301689,0,
0,0.0070567,0.0140856,0.0210588,0.027949,0.0347288,0.0413716,0.0478511,0.0541418,0.0602188,0,
0,0.0105502,0.0210588,0.0314843,0.0417855,0.0519218,0.0618532,0.0715405,0.0809455,0.090031,0,
0,0.0140021,0.027949,0.0417855,0.0554572,0.0689099,0.0820908,0.0949476,0.10743,0.119488,0,
0,0.0173987,0.0347288,0.0519218,0.0689099,0.0856261,0.102004,0.11798,0.13349,0.148473,0,
0,0.0207267,0.0413716,0.0618532,0.0820908,0.102004,0.121515,0.140547,0.159023,0.176873,0,
0,0.0239729,0.0478511,0.0715405,0.0949476,0.11798,0.140547,0.162559,0.183929,0.204574,0,
0,0.0271244,0.0541418,0.0809455,0.10743,0.13349,0.159023,0.183929,0.208109,0.231468,0,
0,0.0301689,0.0602188,0.090031,0.119488,0.148473,0.176873,0.204574,0.231468,0.257448,0,
0,0,0,0,0,0,0,0,0,0,0
Time = 0.031
0,0,0,0,0,0,0,0,0,0,0,
0,0.00346623,0.00691877,0.010344,0.0137284,0.0170587,0.0203216,0.0235043,0.0265943,0.0295793,0,
0,0.00691877,0.0138102,0.0206472,0.0274027,0.03405,0.040563,0.0469158,0.0530836,0.0590418,0,
0,0.010344,0.0206472,0.0308689,0.0409688,0.050907,0.0606443,0.0701422,0.0793634,0.0882713,0,
0,0.0137284,0.0274027,0.0409688,0.0543732,0.067563,0.0804862,0.0930918,0.10533,0.117152,0,
0,0.0170587,0.03405,0.050907,0.067563,0.0839525,0.100011,0.115674,0.130881,0.145571,0,
0,0.0203216,0.040563,0.0606443,0.0804862,0.100011,0.11914,0.1378,0.155915,0.173416,0,
0,0.0235043,0.0469158,0.0701422,0.0930918,0.115674,0.1378,0.159381,0.180334,0.200575,0,
0,0.0265943,0.0530836,0.0793634,0.10533,0.130881,0.155915,0.180334,0.204042,0.226944,0,
0,0.0295793,0.0590418,0.0882713,0.117152,0.145571,0.173416,0.200575,0.226944,0.252416,0,
0,0,0,0,0,0,0,0,0,0,0
Time = 0.032
0,0,0,0,0,0,0,0,0,0,0,
0,0.00339848,0.00678354,0.0101418,0.0134601,0.0167252,0.0199244,0.0230449,0.0260745,0.0290011,0,
0,0.00678354,0.0135403,0.0202436,0.0268671,0.0333845,0.0397701,0.0459988,0.052046,0.0578878,0,
0,0.0101418,0.0202436,0.0302656,0.040168,0.049912,0.0594589,0.0687712,0.0778121,0.086546,0,
0,0.0134601,0.0268671,0.040168,0.0533104,0.0662425,0.0789131,0.0912722,0.103271,0.114863,0,
0,0.0167252,0.0333845,0.049912,0.0662425,0.0823116,0.0980558,0.113413,0.128323,0.142726,0,
0,0.0199244,0.0397701,0.0594589,0.0789131,0.0980558,0.116812,0.135106,0.152868,0.170026,0,
0,0.0230449,0.0459988,0.0687712,0.0912722,0.113413,0.135106,0.156266,0.17681,0.196655,0,
0,0.0260745,0.052046,0.0778121,0.103271,0.128323,0.152868,0.17681,0.200054,0.222508,0,
0,0.0290011,0.0578878,0.086546,0.114863,0.142726,0.170026,0.196655,0.222508,0.247483,0,
0,0,0,0,0,0,0,0,0,0,0
Time = 0.033
0,0,0,0,0,0,0,0,0,0,0,
0,0.00333205,0.00665095,0.0099436,0.013197,0.0163983,0.019535,0.0225945,0.0255648,0.0284343,0,
0,0.00665095,0.0132757,0.019848,0.0263419,0.032732,0.0389928,0.0450998,0.0510287,0.0567563,0,
0,0.0099436,0.019848,0.029674,0.0393829,0.0489364,0.0582968,0.0674271,0.0762913,0.0848544,0,
0,0.013197,0.0263419,0.0393829,0.0522685,0.0649477,0.0773707,0.0894883,0.101253,0.112618,0,
0,0.0163983,0.032732,0.0489364,0.0649477,0.0807027,0.0961392,0.111196,0.125815,0.139936,0,
0,0.019535,0.0389928,0.0582968,0.0773707,0.0961392,0.114528,0.132466,0.14988,0.166703,0,
0,0.0225945,0.0450998,0.0674271,0.0894883,0.111196,0.132466,0.153212,0.173354,0.192811,0,
0,0.0255648,0.0510287,0.0762913,0.101253,0.125815,0.14988,0.173354,0.196143,0.218159,0,
0,0.0284343,0.0567563,0.0848544,0.112618,0.139936,0.166703,0.192811,0.218159,0.242646,0,
0,0,0,0,0,0,0,0,0,0,0
Time = 0.034
0,0,0,0,0,0,0,0,0,0,0,
0,0.00326692,0.00652095,0.00974925,0.0129391,0.0160778,0.0191531,0.0221528,0.0250651,0.0278785,0,
0,0.00652095,0.0130162,0.01946,0.0258271,0.0320922,0.0382307,0.0442183,0.0500313,0.055647,0,
0,0.00974925,0.01946,0.029094,0.0386132,0.0479799,0.0571573,0.0661092,0.0748001,0.0831958,0,
0,0.0129391,0.0258271,0.0386132,0.0512468,0.0636783,0.0758584,0.0877392,0.0992737,0.110416,0,
0,0.0160778,0.0320922,0.0479799,0.0636783,0.0791253,0.0942601,0.109023,0.123355,0.137201,0,
0,0.0191531,0.0382307,0.0571573,0.0758584,0.0942601,0.11229,0.129876,0.14695,0.163444,0,
0,0.0221528,0.0442183,0.0661092,0.0877392,0.109023,0.129876,0.150217,0.169965,0.189043,0,
0,0.0250651,0.0500313,0.0748001,0.0992737,0.123355,0.14695,0.169965,0.19231,0.213895,0,
0,0.0278785,0.055647,0.0831958,0.110416,0.137201,0.163444,0.189043,0.213895,0.237903,0,
0,0,0,0,0,0,0,0,0,0,0
Time = 0.035
0,0,0,0,0,0,0,0,0,0,0,
0,0.00320307,0.0063935,0.00955869,0.0126862,0.0157636,0.0187788,0.0217198,0.0245752,0.0273336,0,
0,0.0063935,0.0127618,0.0190797,0.0253223,0.0314649,0.0374834,0.043354,0.0490534,0.0545593,0,
0,0.00955869,0.0190797,0.0285253,0.0378584,0.0470421,0.0560401,0.064817,0.0733381,0.0815697,0,
0,0.0126862,0.0253223,0.0378584,0.0502452,0.0624336,0.0743757,0.0860242,0.0973333,0.108258,0,
0,0.0157636,0.0314649,0.0470421,0.0624336,0.0775788,0.0924177,0.106892,0.120944,0.134519,0,
0,0.0187788,0.0374834,0.0560401,0.0743757,0.0924177,0.110095,0.127338,0.144078,0.16025,0,
0,0.0217198,0.043354,0.064817,0.0860242,0.106892,0.127338,0.147281,0.166643,0.185348,0,
0,0.0245752,0.0490534,0.0733381,0.0973333,0.120944,0.144078,0.166643,0.188551,0.209714,0,
0,0.0273336,0.0545593,0.0815697,0.108258,0.134519,0.16025,0.185348,0.209714,0.233253,0,
0,0,0,0,0,0,0,0,0,0,0
Time = 0.036
0,0,0,0,0,0,0,0,0,0,0,
0,0.00314046,0.00626853,0.00937186,0.0124382,0.0154555,0.0184117,0.0212953,0.0240949,0.0267993,0,
0,0.00626853,0.0125123,0.0187067,0.0248273,0.0308499,0.0367508,0.0425066,0.0480947,0.0534929,0,
0,0.00937186,0.0187067,0.0279678,0.0371185,0.0461226,0.0549448,0.0635501,0.0719046,0.0799754,0,
0,0.0124382,0.0248273,0.0371185,0.0492631,0.0612133,0.072922,0.0843428,0.0954308,0.106142,0,
0,0.0154555,0.0308499,0.0461226,0.0612133,0.0760624,0.0906114,0.104803,0.11858,0.13189,0,
0,0.0184117,0.0367508,0.0549448,0.072922,0.0906114,0.107943,0.124849,0.141262,0.157118,0,
0,0.0212953,0.0425066,0.0635501,0.0843428,0.104803,0.124849,0.144402,0.163386,0.181725,0,
0,0.0240949,0.0480947,0.0719046,0.0954308,0.11858,0.141262,0.163386,0.184865,0.205615,0,
0,0.0267993,0.0534929,0.0799754,0.106142,0.13189,0.157118,0.181725,0.205615,0.228694,0,
0,0,0,0,0,0,0,0,0,0,0
Time = 0.037
0,0,0,0,0,0,0,0,0,0,0,
0,0.00307908,0.00614601,0.00918868,0.0121951,0.0151534,0.0180519,0.0208791,0.0236239,0.0262755,0,
0,0.00614601,0.0122678,0.0183411,0.0243421,0.0302469,0.0360325,0.0416758,0.0471546,0.0524474,0,
0,0.00918868,0.0183411,0.0274211,0.036393,0.0452211,0.0538709,0.062308,0.0704992,0.0784122,0,
0,0.0121951,0.0243421,0.036393,0.0483002,0.0600169,0.0714967,0.0826943,0.0935656,0.104068,0,
0,0.0151534,0.0302469,0.0452211,0.0600169,0.0745758,0.0888403,0.102754,0.116263,0.129312,0,
0,0.0180519,0.0360325,0.0538709,0.0714967,0.0888403,0.105833,0.122409,0.138501,0.154047,0,
0,0.0208791,0.0416758,0.062308,0.0826943,0.102754,0.122409,0.14158,0.160193,0.178173,0,
0,0.0236239,0.0471546,0.0704992,0.0935656,0.116263,0.138501,0.160193,0.181252,0.201596,0,
0,0.0262755,0.0524474,0.0784122,0.104068,0.129312,0.154047,0.178173,0.201596,0.224224,0,
0,0,0,0,0,0,0,0,0,0,0
Time = 0.038
0,0,0,0,0,0,0,0,0,0,0,
0,0.0030189,0.00602588,0.00900908,0.0119567,0.0148572,0.017699,0.020471,0.0231622,0.025762,0,
0,0.00602588,0.012028,0.0179826,0.0238663,0.0296558,0.0353282,0.0408612,0.0462329,0.0514222,0,
0,0.00900908,0.0179826,0.0268852,0.0356816,0.0443373,0.0528179,0.0610901,0.0691213,0.0768796,0,
0,0.0119567,0.0238663,0.0356816,0.0473562,0.0588438,0.0700992,0.081078,0.0917368,0.102034,0,
0,0.0148572,0.0296558,0.0443373,0.0588438,0.0731181,0.0871039,0.100746,0.11399,0.126785,0,
0,0.017699,0.0353282,0.0528179,0.0700992,0.0871039,0.103765,0.120016,0.135794,0.151036,0,
0,0.020471,0.0408612,0.0610901,0.081078,0.100746,0.120016,0.138813,0.157062,0.17469,0,
0,0.0231622,0.0462329,0.0691213,0.0917368,0.11399,0.135794,0.157062,0.177709,0.197656,0,
0,0.025762,0.0514222,0.0768796,0.102034,0.126785,0.151036,0.17469,0.197656,0.219841,0,
0,0,0,0,0,0,0,0,0,0,0
Time = 0.039
0,0,0,0,0,0,0,0,0,0,0,
0,0.00295989,0.0059081,0.008833,0.011723,0.0145668,0.0173531,0.0200709,0.0227095,0.0252584,0,
0,0.0059081,0.0117929,0.0176311,0.0233998,0.0290761,0.0346377,0.0400625,0.0453293,0.0504172,0,
0,0.008833,0.0176311,0.0263597,0.0349842,0.0434707,0.0517856,0.0598961,0.0677702,0.0753769,0,
0,0.011723,0.0233998,0.0349842,0.0464306,0.0576937,0.0687291,0.0794933,0.0899437,0.100039,0,
0,0.0145668,0.0290761,0.0434707,0.0576937,0.071689,0.0854014,0.0987767,0.111762,0.124307,0,
0,0.0173531,0.0346377,0.0517856,0.0687291,0.0854014,0.101737,0.11767,0.13314,0.148084,0,
0,0.0200709,0.0400625,0.0598961,0.0794933,0.0987767,0.11767,0.1361,0.153992,0.171276,0,
0,0.0227095,0.0453293,0.0677702,0.0899437,0.111762,0.13314,0.153992,0.174236,0.193793,0,
0,0.0252584,0.0504172,0.0753769,0.100039,0.124307,0.148084,0.171276,0.193793,0.215544,0,
0,0,0,0,0,0,0,0,0,0,0
Time = 0.04
0,0,0,0,0,0,0,0,0,0,0,
0,0.00290204,0.00579262,0.00866035,0.0114939,0.0142821,0.0170139,0.0196786,0.0222656,0.0247647,0,
0,0.00579262,0.0115624,0.0172865,0.0229424,0.0285078,0.0339607,0.0392795,0.0444433,0.0494317,0,
0,0.00866035,0.0172865,0.0258445,0.0343004,0.042621,0.0507734,0.0587254,0.0664456,0.0739036,0,
0,0.0114939,0.0229424,0.0343004,0.045523,0.056566,0.0673857,0.0779395,0.0881857,0.0980839,0,
0,0.0142821,0.0285078,0.042621,0.056566,0.0702878,0.0837321,0.0968461,0.109578,0.121877,0,
0,0.0170139,0.0339607,0.0507734,0.0673857,0.0837321,0.0997481,0.11537,0.130537,0.145189,0,
0,0.0196786,0.0392795,0.0587254,0.0779395,0.0968461,0.11537,0.133439,0.150982,0.167928,0,
0,0.0222656,0.0444433,0.0664456,0.0881857,0.109578,0.130537,0.150982,0.17083,0.190005,0,
0,0.0247647,0.0494317,0.0739036,0.0980839,0.121877,0.145189,0.167928,0.190005,0.211331,0,
0,0,0,0,0,0,0,0,0,0,0
Time = 0.041
0,0,0,0,0,0,0,0,0,0,0,
0,0.00284532,0.0056794,0.00849108,0.0112692,0.0140029,0.0166814,0.0192939,0.0218304,0.0242807,0,
0,0.0056794,0.0113364,0.0169486,0.022494,0.0279506,0.0332969,0.0385117,0.0435746,0.0484655,0,
0,0.00849108,0.0169486,0.0253393,0.03363,0.041788,0.049781,0.0575776,0.0651469,0.0724591,0,
0,0.0112692,0.022494,0.03363,0.0446333,0.0554604,0.0660686,0.0764161,0.0864621,0.0961668,0,
0,0.0140029,0.0279506,0.041788,0.0554604,0.068914,0.0820955,0.0949531,0.107436,0.119495,0,
0,0.0166814,0.0332969,0.049781,0.0660686,0.0820955,0.0977985,0.113115,0.127986,0.142351,0,
0,0.0192939,0.0385117,0.0575776,0.0764161,0.0949531,0.113115,0.130831,0.148031,0.164646,0,
0,0.0218304,0.0435746,0.0651469,0.0864621,0.107436,0.127986,0.148031,0.167491,0.186291,0,
0,0.0242807,0.0484655,0.0724591,0.0961668,0.119495,0.142351,0.164646,0.186291,0.207201,0,
0,0,0,0,0,0,0,0,0,0,0
Time = 0.042
0,0,0,0,0,0,0,0,0,0,0,
0,0.0027897,0.0055684,0.00832511,0.011049,0.0137292,0.0163553,0.0189168,0.0214037,0.0238061,0,
0,0.0055684,0.0111148,0.0166174,0.0220543,0.0274043,0.0326461,0.037759,0.0427229,0.0475183,0,
0,0.00832511,0.0166174,0.024844,0.0329727,0.0409712,0.048808,0.0564522,0.0638736,0.0710429,0,
0,0.011049,0.0220543,0.0329727,0.0437609,0.0543764,0.0647773,0.0749225,0.0847721,0.0942871,0,
0,0.0137292,0.0274043,0.0409712,0.0543764,0.067567,0.0804909,0.0930972,0.105336,0.117159,0,
0,0.0163553,0.0326461,0.048808,0.0647773,0.0804909,0.0958869,0.110904,0.125484,0.139569,0,
0,0.0189168,0.037759,0.0564522,0.0749225,0.0930972,0.110904,0.128274,0.145137,0.161428,0,
0,0.0214037,0.0427229,0.0638736,0.0847721,0.105336,0.125484,0.145137,0.164218,0.18265,0,
0,0.0238061,0.0475183,0.0710429,0.0942871,0.117159,0.139569,0.161428,0.18265,0.203151,0,
0,0,0,0,0,0,0,0,0,0,0
Time = 0.043
0,0,0,0,0,0,0,0,0,0,0,
0,0.00273518,0.00545956,0.00816239,0.010833,0.0134609,0.0160356,0.0185471,0.0209854,0.0233408,0,
0,0.00545956,0.0108976,0.0162926,0.0216233,0.0268686,0.032008,0.037021,0.0418879,0.0465895,0,
0,0.00816239,0.0162926,0.0243585,0.0323282,0.0401704,0.047854,0.0553488,0.0626251,0.0696543,0,
0,0.010833,0.0216233,0.0323282,0.0429055,0.0533136,0.0635112,0.0734581,0.0831152,0.0924442,0,
0,0.0134609,0.0268686,0.0401704,0.0533136,0.0662463,0.0789177,0.0912776,0.103277,0.114869,0,
0,0.0160356,0.032008,0.047854,0.0635112,0.0789177,0.0940127,0.108737,0.123032,0.136841,0,
0,0.0185471,0.037021,0.0553488,0.0734581,0.0912776,0.108737,0.125767,0.142301,0.158273,0,
0,0.0209854,0.0418879,0.0626251,0.0831152,0.103277,0.123032,0.142301,0.161008,0.17908,0,
0,0.0233408,0.0465895,0.0696543,0.0924442,0.114869,0.136841,0.158273,0.17908,0.19918,0,
0,0,0,0,0,0,0,0,0,0,0
Time = 0.044
0,0,0,0,0,0,0,0,0,0,0,
0,0.00268172,0.00535285,0.00800285,0.0106213,0.0131978,0.0157222,0.0181846,0.0205752,0.0228846,0,
0,0.00535285,0.0106846,0.0159741,0.0212006,0.0263435,0.0313824,0.0362974,0.0410692,0.0456789,0,
0,0.00800285,0.0159741,0.0238824,0.0316963,0.0393852,0.0469187,0.0542669,0.0614011,0.0682929,0,
0,0.0106213,0.0212006,0.0316963,0.0420669,0.0522715,0.0622698,0.0720223,0.0814906,0.0906373,0,
0,0.0131978,0.0263435,0.0393852,0.0522715,0.0649515,0.0773752,0.0894935,0.101259,0.112624,0,
0,0.0157222,0.0313824,0.0469187,0.0622698,0.0773752,0.0921752,0.106611,0.120627,0.134166,0,
0,0.0181846,0.0362974,0.0542669,0.0720223,0.0894935,0.106611,0.123309,0.139519,0.155179,0,
0,0.0205752,0.0410692,0.0614011,0.0814906,0.101259,0.120627,0.139519,0.157861,0.17558,0,
0,0.0228846,0.0456789,0.0682929,0.0906373,0.112624,0.134166,0.155179,0.17558,0.195287,0,
0,0,0,0,0,0,0,0,0,0,0
Time = 0.045
0,0,0,0,0,0,0,0,0,0,0,
0,0.0026293,0.00524822,0.00784643,0.0104137,0.0129398,0.0154149,0.0178291,0.020173,0.0224373,0,
0,0.00524822,0.0104757,0.0156619,0.0207863,0.0258286,0.030769,0.0355879,0.0402664,0.044786,0,
0,0.00784643,0.0156619,0.0234156,0.0310768,0.0386154,0.0460016,0.0532063,0.0602009,0.066958,0,
0,0.0104137,0.0207863,0.0310768,0.0412447,0.0512498,0.0610527,0.0706146,0.0798978,0.0888658,0,
0,0.0129398,0.0258286,0.0386154,0.0512498,0.063682,0.0758628,0.0877443,0.0992794,0.110423,0,
0,0.0154149,0.030769,0.0460016,0.0610527,0.0758628,0.0903736,0.104528,0.118269,0.131544,0,
