Time = 0.0035
0,0,0,0,0,0,0,0,0,0,0,
0,0.0889483,0.16919,0.23287,0.273755,0.287843,0.273755,0.23287,0.16919,0.0889483,0,
0,0.16919,0.321818,0.442945,0.520713,0.54751,0.520713,0.442945,0.321818,0.16919,0,
0,0.23287,0.442945,0.609661,0.716699,0.753582,0.716699,0.609661,0.442945,0.23287,0,
0,0.273755,0.520713,0.716699,0.842531,0.885889,0.842531,0.716699,0.520713,0.273755,0,
0,0.287843,0.54751,0.753582,0.885889,0.931479,0.885889,0.753582,0.54751,0.287843,0,
0,0.273755,0.520713,0.716699,0.842531,0.885889,0.842531,0.716699,0.520713,0.273755,0,
0,0.23287,0.442945,0.609661,0.716699,0.753582,0.716699,0.609661,0.442945,0.23287,0,
0,0.16919,0.321818,0.442945,0.520713,0.54751,0.520713,0.442945,0.321818,0.16919,0,
0,0.0889483,0.16919,0.23287,0.273755,0.287843,0.273755,0.23287,0.16919,0.0889483,0,
0,0,0,0,0,0,0,0,0,0,0
Time = 0.035
0,0,0,0,0,0,0,0,0,0,0,
0,0.0469565,0.0893166,0.122934,0.144517,0.151955,0.144517,0.122934,0.0893166,0.0469565,0,
0,0.0893166,0.16989,0.233834,0.274888,0.289035,0.274888,0.233834,0.16989,0.0893166,0,
0,0.122934,0.233834,0.321845,0.378351,0.397822,0.378351,0.321845,0.233834,0.122934,0,
0,0.144517,0.274888,0.378351,0.444779,0.467668,0.444779,0.378351,0.274888,0.144517,0,
0,0.151955,0.289035,0.397822,0.467668,0.491735,0.467668,0.397822,0.289035,0.151955,0,
0,0.144517,0.274888,0.378351,0.444779,0.467668,0.444779,0.378351,0.274888,0.144517,0,
0,0.122934,0.233834,0.321845,0.378351,0.397822,0.378351,0.321845,0.233834,0.122934,0,
0,0.0893166,0.16989,0.233834,0.274888,0.289035,0.274888,0.233834,0.16989,0.0893166,0,
0,0.0469565,0.0893166,0.122934,0.144517,0.151955,0.144517,0.122934,0.0893166,0.0469565,0,
0,0,0,0,0,0,0,0,0,0,0
Time = 0.07
0,0,0,0,0,0,0,0,0,0,0,
0,0.0230902,0.0439201,0.0604509,0.0710643,0.0747214,0.0710643,0.0604509,0.0439201,0.0230902,0,
0,0.0439201,0.083541,0.114984,0.135172,0.142129,0.135172,0.114984,0.083541,0.0439201,0,
0,0.0604509,0.114984,0.158262,0.186049,0.195623,0.186049,0.158262,0.114984,0.0604509,0,
0,0.0710643,0.135172,0.186049,0.218713,0.229969,0.218713,0.186049,0.135172,0.0710643,0,
0,0.0747214,0.142129,0.195623,0.229969,0.241803,0.229969,0.195623,0.142129,0.0747214,0,
0,0.0710643,0.135172,0.186049,0.218713,0.229969,0.218713,0.186049,0.135172,0.0710643,0,
0,0.0604509,0.114984,0.158262,0.186049,0.195623,0.186049,0.158262,0.114984,0.0604509,0,
0,0.0439201,0.083541,0.114984,0.135172,0.142129,0.135172,0.114984,0.083541,0.0439201,0,
0,0.0230902,0.0439201,0.0604509,0.0710643,0.0747214,0.0710643,0.0604509,0.0439201,0.0230902,0,
0,0,0,0,0,0,0,0,0,0,0
Time = 0.105
0,0,0,0,0,0,0,0,0,0,0,
0,0.0113543,0.0215971,0.0297258,0.0349448,0.0367431,0.0349448,0.0297258,0.0215971,0.0113543,0,
0,0.0215971,0.0410801,0.0565419,0.0664689,0.0698896,0.0664689,0.0565419,0.0410801,0.0215971,0,
0,0.0297258,0.0565419,0.0778232,0.0914867,0.0961948,0.0914867,0.0778232,0.0565419,0.0297258,0,
0,0.0349448,0.0664689,0.0914867,0.107549,0.113084,0.107549,0.0914867,0.0664689,0.0349448,0,
0,0.0367431,0.0698896,0.0961948,0.113084,0.118903,0.113084,0.0961948,0.0698896,0.0367431,0,
0,0.0349448,0.0664689,0.0914867,0.107549,0.113084,0.107549,0.0914867,0.0664689,0.0349448,0,
0,0.0297258,0.0565419,0.0778232,0.0914867,0.0961948,0.0914867,0.0778232,0.0565419,0.0297258,0,
0,0.0215971,0.0410801,0.0565419,0.0664689,0.0698896,0.0664689,0.0565419,0.0410801,0.0215971,0,
0,0.0113543,0.0215971,0.0297258,0.0349448,0.0367431,0.0349448,0.0297258,0.0215971,0.0113543,0,
0,0,0,0,0,0,0,0,0,0,0
Time = 0.14
0,0,0,0,0,0,0,0,0,0,0,
0,0.00558328,0.0106201,0.0146172,0.0171836,0.0180679,0.0171836,0.0146172,0.0106201,0.00558328,0,
0,0.0106201,0.0202005,0.0278037,0.0326851,0.0343672,0.0326851,0.0278037,0.0202005,0.0106201,0,
0,0.0146172,0.0278037,0.0382683,0.0449873,0.0473023,0.0449873,0.0382683,0.0278037,0.0146172,0,
0,0.0171836,0.0326851,0.0449873,0.0528855,0.0556073,0.0528855,0.0449873,0.0326851,0.0171836,0,
0,0.0180679,0.0343672,0.0473023,0.0556073,0.0584688,0.0556073,0.0473023,0.0343672,0.0180679,0,
0,0.0171836,0.0326851,0.0449873,0.0528855,0.0556073,0.0528855,0.0449873,0.0326851,0.0171836,0,
0,0.0146172,0.0278037,0.0382683,0.0449873,0.0473023,0.0449873,0.0382683,0.0278037,0.0146172,0,
0,0.0106201,0.0202005,0.0278037,0.0326851,0.0343672,0.0326851,0.0278037,0.0202005,0.0106201,0,
0,0.00558328,0.0106201,0.0146172,0.0171836,0.0180679,0.0171836,0.0146172,0.0106201,0.00558328,0,
0,0,0,0,0,0,0,0,0,0,0
Time = 0.175
0,0,0,0,0,0,0,0,0,0,0,
0,0.00274333,0.00522636,0.00718216,0.00845638,0.0088777,0.00845631,0.00718226,0.00522626,0.00274339,0,
0,0.00522637,0.00992548,0.0136828,0.0160599,0.0169127,0.01606,0.0136826,0.00992567,0.00522625,0,
0,0.00718213,0.0136828,0.0188031,0.0221391,0.0232421,0.0221389,0.0188034,0.0136825,0.00718229,0,
0,0.00845644,0.0160598,0.0221392,0.0259854,0.0273653,0.0259856,0.0221389,0.0160601,0.00845626,0,
0,0.0088776,0.0169129,0.0232419,0.0273654,0.0287288,0.0273652,0.0232423,0.0169125,0.0088778,0,
0,0.00845645,0.0160598,0.0221392,0.0259854,0.0273653,0.0259856,0.0221389,0.0160601,0.00845626,0,
0,0.00718213,0.0136828,0.0188031,0.0221391,0.0232421,0.0221389,0.0188034,0.0136825,0.00718229,0,
0,0.00522637,0.00992547,0.0136828,0.0160598,0.0169127,0.01606,0.0136826,0.00992566,0.00522626,0,
0,0.00274333,0.00522636,0.00718216,0.00845638,0.0088777,0.00845632,0.00718226,0.00522626,0.00274339,0,
0,0,0,0,0,0,0,0,0,0,0
Time = 0.21
0,0,0,0,0,0,0,0,0,0,0,
0,0.000828335,0.00355917,0.00217271,0.00575221,0.00269386,0.00574394,0.00218609,0.00354579,0.000836603,0,
0,0.00356041,0.00299902,0.00931348,0.00486515,0.0114964,0.00488085,0.00928807,0.00302443,0.00354471,0,
0,0.00216837,0.0093185,0.00568757,0.0150603,0.00705172,0.0150387,0.00572246,0.00928361,0.00218993,0,
0,0.0057612,0.00485185,0.0150705,0.00787079,0.0186029,0.00789607,0.0150296,0.00489275,0.00573593,0,
0,0.0026799,0.011519,0.00702922,0.0186168,0.00871501,0.0185903,0.00707209,0.0114761,0.00270639,0,
0,0.00576148,0.00485131,0.0150713,0.00786978,0.0186041,0.0078949,0.0150306,0.00489194,0.00573636,0,
0,0.00216793,0.00931938,0.00568628,0.0150619,0.00704987,0.0150406,0.00572075,0.00928491,0.00218923,0,
0,0.00356085,0.00299814,0.00931476,0.00486352,0.0114983,0.00487896,0.00928978,0.00302313,0.00354541,0,
0,0.000828063,0.00355971,0.00217192,0.00575322,0.00269272,0.00574511,0.00218503,0.0035466,0.000836169,0,
0,0,0,0,0,0,0,0,0,0,0
Time = 0.245
0,0,0,0,0,0,0,0,0,0,0,
0,-0.125278,0.240662,-0.327432,0.388509,-0.403626,0.387405,-0.325647,0.238877,-0.124175,0,
0,0.240826,-0.452978,0.629445,-0.73124,0.775942,-0.729143,0.626052,-0.449584,0.238729,0,
0,-0.328008,0.630112,-0.857299,1.01721,-1.0568,1.01433,-0.852634,0.625447,-0.325125,0,
0,0.389704,-0.73301,1.01857,-1.1833,1.25564,-1.17992,1.0131,-0.727534,0.38632,0,
0,-0.405486,0.778949,-1.0598,1.2575,-1.30644,1.25395,-1.05406,0.773202,-0.401934,0,
0,0.389746,-0.73309,1.01869,-1.18344,1.2558,-1.18007,1.01323,-0.727634,0.386373,0,
0,-0.328075,0.630242,-0.857484,1.01744,-1.05705,1.01458,-0.85285,0.625608,-0.325211,0,
0,0.240893,-0.453108,0.62963,-0.731466,0.77619,-0.729388,0.626267,-0.449745,0.238815,0,
0,-0.12532,0.240743,-0.327547,0.388649,-0.403779,0.387557,-0.32578,0.238976,-0.124228,0,
0,0,0,0,0,0,0,0,0,0,0
Time = 0.28
0,0,0,0,0,0,0,0,0,0,0,
0,-30.446,57.892,-79.6349,93.5519,-98.2867,93.4044,-79.3961,57.6532,-30.2984,0,
0,57.9139,-110.117,151.48,-177.946,186.96,-177.665,151.026,-109.663,57.6333,0,
0,-79.7118,151.569,-208.496,244.932,-257.329,244.547,-207.871,150.945,-79.3259,0,
0,93.7117,-178.182,245.114,-287.938,302.524,-287.485,244.381,-177.449,93.2584,0,
0,-98.5354,187.362,-257.731,302.773,-318.097,302.297,-256.961,186.591,-98.0592,0,
0,93.7176,-178.194,245.13,-287.957,302.545,-287.505,244.398,-177.461,93.2651,0,
0,-79.7214,151.588,-208.521,244.963,-257.362,244.579,-207.899,150.966,-79.3368,0,
0,57.9235,-110.135,151.506,-177.976,186.993,-177.697,151.054,-109.683,57.6442,0,
0,-30.4519,57.9034,-79.6509,93.5711,-98.3072,93.4243,-79.4134,57.666,-30.3052,0,
0,0,0,0,0,0,0,0,0,0,0
Time = 0.315
0,0,0,0,0,0,0,0,0,0,0,
0,-7366.45,14009,-19275.7,22651.1,-23806.4,22631.3,-19243.8,13977,-7346.69,0,
0,14011.9,-26647,36665,-43085.3,45282.8,-43047.7,36604.2,-26586.2,13974.4,0,
0,-19286,36676.9,-50465.7,59302.6,-62327.3,59250.9,-50382,36593.2,-19234.3,0,
0,22672.5,-43117,59327,-69715.6,73271.4,-69654.9,59228.7,-43018.7,22611.7,0,
0,-23839.7,45336.7,-62381.2,73304.7,-77043.6,73240.9,-62277.9,45233.4,-23775.8,0,
0,22673.3,-43118.6,59329.1,-69718.2,73274.2,-69657.5,59230.9,-43020.4,22612.6,0,
0,-19287.4,36679.4,-50469.2,59306.8,-62331.8,59255.2,-50385.7,36595.9,-19235.8,0,
0,14013.3,-26649.5,36668.5,-43089.5,45287.3,-43052,36607.8,-26588.9,13975.8,0,
0,-7367.27,14010.6,-19277.9,22653.7,-23809.1,22634,-19246,13978.7,-7347.57,0,
0,0,0,0,0,0,0,0,0,0,0
Time = 0.35
0,0,0,0,0,0,0,0,0,0,0,
0,-1.78313e+06,3.39133e+06,-4.66696e+06,5.48515e+06,-5.76603e+06,5.4825e+06,-4.66268e+06,3.38705e+06,-1.78048e+06,0,
0,3.39172e+06,-6.45073e+06,8.87713e+06,-1.04334e+07,1.09677e+07,-1.04284e+07,8.86898e+06,-6.44258e+06,3.38669e+06,0,
0,-4.66834e+06,8.87873e+06,-1.22184e+07,1.43605e+07,-1.50959e+07,1.43536e+07,-1.22072e+07,8.86752e+06,-4.66141e+06,0,
0,5.48802e+06,-1.04377e+07,1.43637e+07,-1.68819e+07,1.77464e+07,-1.68738e+07,1.43506e+07,-1.04245e+07,5.47987e+06,0,
0,-5.7705e+06,1.09749e+07,-1.51031e+07,1.77509e+07,-1.86599e+07,1.77423e+07,-1.50892e+07,1.09611e+07,-5.76194e+06,0,
0,5.48813e+06,-1.04379e+07,1.4364e+07,-1.68823e+07,1.77468e+07,-1.68741e+07,1.43509e+07,-1.04247e+07,5.47999e+06,0,
0,-4.66852e+06,8.87908e+06,-1.22189e+07,1.4361e+07,-1.50965e+07,1.43541e+07,-1.22077e+07,8.86788e+06,-4.6616e+06,0,
0,3.3919e+06,-6.45107e+06,8.87761e+06,-1.0434e+07,1.09683e+07,-1.0429e+07,8.86947e+06,-6.44294e+06,3.38688e+06,0,
0,-1.78324e+06,3.39155e+06,-4.66726e+06,5.4855e+06,-5.7664e+06,5.48285e+06,-4.66298e+06,3.38727e+06,-1.7806e+06,0,
0,0,0,0,0,0,0,0,0,0,0
