Time = 0.0025
0,0,0,0,0,0,0,0,0,0,0,
0,0.181636,0.345492,0.475528,0.559017,0.587785,0.559017,0.475528,0.345492,0.181636,0,
0,0.345492,0.657164,0.904508,1.06331,1.11803,1.06331,0.904508,0.657164,0.345492,0,
0,0.475528,0.904508,1.24495,1.46353,1.53884,1.46353,1.24495,0.904508,0.475528,0,
0,0.559017,1.06331,1.46353,1.72048,1.80902,1.72048,1.46353,1.06331,0.559017,0,
0,0.587785,1.11803,1.53884,1.80902,1.90211,1.80902,1.53884,1.11803,0.587785,0,
0,0.559017,1.06331,1.46353,1.72048,1.80902,1.72048,1.46353,1.06331,0.559017,0,
0,0.475528,0.904508,1.24495,1.46353,1.53884,1.46353,1.24495,0.904508,0.475528,0,
0,0.345492,0.657164,0.904508,1.06331,1.11803,1.06331,0.904508,0.657164,0.345492,0,
0,0.181636,0.345492,0.475528,0.559017,0.587785,0.559017,0.475528,0.345492,0.181636,0,
0,0,0,0,0,0,0,0,0,0,0
Time = 0.025
0,0,0,0,0,0,0,0,0,0,0,
0,0.115627,0.219935,0.302715,0.355862,0.374176,0.355862,0.302715,0.219935,0.115627,0,
0,0.219935,0.418341,0.575797,0.67689,0.711725,0.67689,0.575797,0.418341,0.219935,0,
0,0.302715,0.575797,0.792517,0.93166,0.979605,0.93166,0.792517,0.575797,0.302715,0,
0,0.355862,0.67689,0.93166,1.09523,1.15159,1.09523,0.93166,0.67689,0.355862,0,
0,0.374176,0.711725,0.979605,1.15159,1.21086,1.15159,0.979605,0.711725,0.374176,0,
0,0.355862,0.67689,0.93166,1.09523,1.15159,1.09523,0.93166,0.67689,0.355862,0,
0,0.302715,0.575797,0.792517,0.93166,0.979605,0.93166,0.792517,0.575797,0.302715,0,
0,0.219935,0.418341,0.575797,0.67689,0.711725,0.67689,0.575797,0.418341,0.219935,0,
0,0.115627,0.219935,0.302715,0.355862,0.374176,0.355862,0.302715,0.219935,0.115627,0,
0,0,0,0,0,0,0,0,0,0,0
Time = 0.05
0,0,0,0,0,0,0,0,0,0,0,
0,0.0700037,0.133155,0.183272,0.215449,0.226537,0.215449,0.183272,0.133155,0.0700037,0,
0,0.133155,0.253276,0.348604,0.409809,0.430899,0.409809,0.348604,0.253276,0.133155,0,
0,0.183272,0.348604,0.479813,0.564054,0.593081,0.564054,0.479813,0.348604,0.183272,0,
0,0.215449,0.409809,0.564054,0.663085,0.697209,0.663085,0.564054,0.409809,0.215449,0,
0,0.226537,0.430899,0.593081,0.697209,0.733089,0.697209,0.593081,0.430899,0.226537,0,
0,0.215449,0.409809,0.564054,0.663085,0.697209,0.663085,0.564054,0.409809,0.215449,0,
0,0.183272,0.348604,0.479813,0.564054,0.593081,0.564054,0.479813,0.348604,0.183272,0,
0,0.133155,0.253276,0.348604,0.409809,0.430899,0.409809,0.348604,0.253276,0.133155,0,
0,0.0700037,0.133155,0.183272,0.215449,0.226537,0.215449,0.183272,0.133155,0.0700037,0,
0,0,0,0,0,0,0,0,0,0,0
Time = 0.075
0,0,0,0,0,0,0,0,0,0,0,
0,0.0423823,0.0806159,0.110958,0.130439,0.137152,0.130439,0.110958,0.0806159,0.0423823,0,
0,0.0806159,0.153341,0.211055,0.24811,0.260879,0.24811,0.211055,0.153341,0.0806159,0,
0,0.110958,0.211055,0.290493,0.341495,0.359069,0.341495,0.290493,0.211055,0.110958,0,
0,0.130439,0.24811,0.341495,0.401451,0.42211,0.401451,0.341495,0.24811,0.130439,0,
0,0.137152,0.260879,0.359069,0.42211,0.443833,0.42211,0.359069,0.260879,0.137152,0,
0,0.130439,0.24811,0.341495,0.401451,0.42211,0.401451,0.341495,0.24811,0.130439,0,
0,0.110958,0.211055,0.290493,0.341495,0.359069,0.341495,0.290493,0.211055,0.110958,0,
0,0.0806159,0.153341,0.211055,0.24811,0.260879,0.24811,0.211055,0.153341,0.0806159,0,
0,0.0423823,0.0806159,0.110958,0.130439,0.137152,0.130439,0.110958,0.0806159,0.0423823,0,
0,0,0,0,0,0,0,0,0,0,0
Time = 0.1
0,0,0,0,0,0,0,0,0,0,0,
0,0.0256595,0.0488072,0.0671774,0.0789717,0.0830358,0.0789717,0.0671774,0.0488072,0.0256595,0,
0,0.0488072,0.0928368,0.127779,0.150213,0.157943,0.150213,0.127779,0.0928368,0.0488072,0,
0,0.0671774,0.127779,0.175873,0.206751,0.217391,0.206751,0.175873,0.127779,0.0671774,0,
0,0.0789717,0.150213,0.206751,0.24305,0.255558,0.24305,0.206751,0.150213,0.0789717,0,
0,0.0830358,0.157943,0.217391,0.255558,0.268709,0.255558,0.217391,0.157943,0.0830358,0,
0,0.0789717,0.150213,0.206751,0.24305,0.255558,0.24305,0.206751,0.150213,0.0789717,0,
0,0.0671774,0.127779,0.175873,0.206751,0.217391,0.206751,0.175873,0.127779,0.0671774,0,
0,0.0488072,0.0928368,0.127779,0.150213,0.157943,0.150213,0.127779,0.0928368,0.0488072,0,
0,0.0256595,0.0488072,0.0671774,0.0789717,0.0830358,0.0789717,0.0671774,0.0488072,0.0256595,0,
0,0,0,0,0,0,0,0,0,0,0
Time = 0.125
0,0,0,0,0,0,0,0,0,0,0,
0,0.015535,0.0295493,0.0406711,0.0478118,0.0502723,0.0478118,0.0406711,0.0295493,0.015535,0,
0,0.0295493,0.0562061,0.0773611,0.0909434,0.0956236,0.0909434,0.0773611,0.0562061,0.0295493,0,
0,0.0406711,0.0773611,0.106478,0.125173,0.131615,0.125173,0.106478,0.0773611,0.0406711,0,
0,0.0478118,0.0909434,0.125173,0.14715,0.154722,0.14715,0.125173,0.0909434,0.0478118,0,
0,0.0502723,0.0956236,0.131615,0.154722,0.162685,0.154722,0.131615,0.0956236,0.0502723,0,
0,0.0478118,0.0909434,0.125173,0.14715,0.154722,0.14715,0.125173,0.0909434,0.0478118,0,
0,0.0406711,0.0773611,0.106478,0.125173,0.131615,0.125173,0.106478,0.0773611,0.0406711,0,
0,0.0295493,0.0562061,0.0773611,0.0909434,0.0956236,0.0909434,0.0773611,0.0562061,0.0295493,0,
0,0.015535,0.0295493,0.0406711,0.0478118,0.0502723,0.0478118,0.0406711,0.0295493,0.015535,0,
0,0,0,0,0,0,0,0,0,0,0
Time = 0.15
0,0,0,0,0,0,0,0,0,0,0,
0,0.00940533,0.01789,0.0246235,0.0289466,0.0304363,0.0289466,0.0246235,0.01789,0.00940533,0,
0,0.01789,0.0340288,0.0468367,0.0550598,0.0578933,0.0550598,0.0468367,0.0340288,0.01789,0,
0,0.0246235,0.0468367,0.0644651,0.0757833,0.0796833,0.0757833,0.0644651,0.0468367,0.0246235,0,
0,0.0289466,0.0550598,0.0757833,0.0890886,0.0936733,0.0890886,0.0757833,0.0550598,0.0289466,0,
0,0.0304363,0.0578933,0.0796833,0.0936733,0.0984939,0.0936733,0.0796833,0.0578933,0.0304363,0,
0,0.0289466,0.0550598,0.0757833,0.0890886,0.0936733,0.0890886,0.0757833,0.0550598,0.0289466,0,
0,0.0246235,0.0468367,0.0644651,0.0757833,0.0796833,0.0757833,0.0644651,0.0468367,0.0246235,0,
0,0.01789,0.0340288,0.0468367,0.0550598,0.0578933,0.0550598,0.0468367,0.0340288,0.01789,0,
0,0.00940533,0.01789,0.0246235,0.0289466,0.0304363,0.0289466,0.0246235,0.01789,0.00940533,0,
0,0,0,0,0,0,0,0,0,0,0
Time = 0.175
0,0,0,0,0,0,0,0,0,0,0,
0,0.00569426,0.0108311,0.0149078,0.0175251,0.018427,0.0175251,0.0149078,0.0108311,0.00569426,0,
0,0.0108311,0.020602,0.0283563,0.0333348,0.0350503,0.0333348,0.0283563,0.020602,0.0108311,0,
0,0.0149078,0.0283563,0.0390291,0.0458814,0.0482426,0.0458814,0.0390291,0.0283563,0.0149078,0,
0,0.0175251,0.0333348,0.0458814,0.0539368,0.0567125,0.0539368,0.0458814,0.0333348,0.0175251,0,
0,0.018427,0.0350503,0.0482426,0.0567125,0.0596311,0.0567125,0.0482426,0.0350503,0.018427,0,
0,0.0175251,0.0333348,0.0458814,0.0539368,0.0567125,0.0539368,0.0458814,0.0333348,0.0175251,0,
0,0.0149078,0.0283563,0.0390291,0.0458814,0.0482426,0.0458814,0.0390291,0.0283563,0.0149078,0,
0,0.0108311,0.020602,0.0283563,0.0333348,0.0350503,0.0333348,0.0283563,0.020602,0.0108311,0,
0,0.00569426,0.0108311,0.0149078,0.0175251,0.018427,0.0175251,0.0149078,0.0108311,0.00569426,0,
0,0,0,0,0,0,0,0,0,0,0
Time = 0.2
0,0,0,0,0,0,0,0,0,0,0,
0,0.00344747,0.00655748,0.0090256,0.0106102,0.0111563,0.0106102,0.0090256,0.00655748,0.00344747,0,
0,0.00655748,0.0124731,0.0171677,0.0201819,0.0212205,0.0201819,0.0171677,0.0124731,0.00655748,0,
0,0.0090256,0.0171677,0.0236293,0.0277779,0.0292075,0.0277779,0.0236293,0.0171677,0.0090256,0,
0,0.0106102,0.0201819,0.0277779,0.0326549,0.0343354,0.0326549,0.0277779,0.0201819,0.0106102,0,
0,0.0111563,0.0212205,0.0292075,0.0343354,0.0361024,0.0343354,0.0292075,0.0212205,0.0111563,0,
0,0.0106102,0.0201819,0.0277779,0.0326549,0.0343354,0.0326549,0.0277779,0.0201819,0.0106102,0,
0,0.0090256,0.0171677,0.0236293,0.0277779,0.0292075,0.0277779,0.0236293,0.0171677,0.0090256,0,
0,0.00655748,0.0124731,0.0171677,0.0201819,0.0212205,0.0201819,0.0171677,0.0124731,0.00655748,0,
0,0.00344747,0.00655748,0.0090256,0.0106102,0.0111563,0.0106102,0.0090256,0.00655748,0.00344747,0,
0,0,0,0,0,0,0,0,0,0,0
Time = 0.225
0,0,0,0,0,0,0,0,0,0,0,
0,0.0020872,0.00397009,0.00546436,0.00642374,0.00675432,0.00642374,0.00546436,0.00397009,0.0020872,0,
0,0.00397009,0.00755156,0.0103938,0.0122187,0.0128475,0.0122187,0.0103938,0.00755156,0.00397009,0,
0,0.00546436,0.0103938,0.0143059,0.0168176,0.017683,0.0168176,0.0143059,0.0103938,0.00546436,0,
0,0.00642374,0.0122187,0.0168176,0.0197702,0.0207877,0.0197702,0.0168176,0.0122187,0.00642374,0,
0,0.00675432,0.0128475,0.017683,0.0207877,0.0218574,0.0207877,0.017683,0.0128475,0.00675432,0,
0,0.00642374,0.0122187,0.0168176,0.0197702,0.0207877,0.0197702,0.0168176,0.0122187,0.00642374,0,
0,0.00546436,0.0103938,0.0143059,0.0168176,0.017683,0.0168176,0.0143059,0.0103938,0.00546436,0,
0,0.00397009,0.00755156,0.0103938,0.0122187,0.0128475,0.0122187,0.0103938,0.00755156,0.00397009,0,
0,0.0020872,0.00397009,0.00546436,0.00642374,0.00675432,0.00642374,0.00546436,0.00397009,0.0020872,0,
0,0,0,0,0,0,0,0,0,0,0
Time = 0.25
0,0,0,0,0,0,0,0,0,0,0,
0,0.00126365,0.00240361,0.00330828,0.00388912,0.00408926,0.00388912,0.00330828,0.00240361,0.00126365,0,
0,0.00240361,0.00457193,0.00629273,0.00739754,0.00777824,0.00739754,0.00629273,0.00457193,0.00240361,0,
0,0.00330828,0.00629273,0.0086612,0.0101818,0.0107058,0.0101818,0.0086612,0.00629273,0.00330828,0,
0,0.00388912,0.00739754,0.0101818,0.0119695,0.0125855,0.0119695,0.0101818,0.00739754,0.00388912,0,
0,0.00408926,0.00777824,0.0107058,0.0125855,0.0132331,0.0125855,0.0107058,0.00777824,0.00408926,0,
0,0.00388912,0.00739754,0.0101818,0.0119695,0.0125855,0.0119695,0.0101818,0.00739754,0.00388912,0,
0,0.00330828,0.00629273,0.0086612,0.0101818,0.0107058,0.0101818,0.0086612,0.00629273,0.00330828,0,
0,0.00240361,0.00457193,0.00629273,0.00739754,0.00777824,0.00739754,0.00629273,0.00457193,0.00240361,0,
0,0.00126365,0.00240361,0.00330828,0.00388912,0.00408926,0.00388912,0.00330828,0.00240361,0.00126365,0,
0,0,0,0,0,0,0,0,0,0,0
Time = 0.275
0,0,0,0,0,0,0,0,0,0,0,
0,0.000765051,0.00145521,0.00200293,0.00235459,0.00247576,0.00235459,0.00200293,0.00145521,0.000765051,0,
0,0.00145521,0.00276798,0.0038098,0.00447869,0.00470917,0.00447869,0.0038098,0.00276798,0.00145521,0,
0,0.00200293,0.0038098,0.00524374,0.00616439,0.00648162,0.00616439,0.00524374,0.0038098,0.00200293,0,
0,0.00235459,0.00447869,0.00616439,0.00724667,0.0076196,0.00724667,0.00616439,0.00447869,0.00235459,0,
0,0.00247576,0.00470917,0.00648162,0.0076196,0.00801172,0.0076196,0.00648162,0.00470917,0.00247576,0,
0,0.00235459,0.00447869,0.00616439,0.00724667,0.0076196,0.00724667,0.00616439,0.00447869,0.00235459,0,
0,0.00200293,0.0038098,0.00524374,0.00616439,0.00648162,0.00616439,0.00524374,0.0038098,0.00200293,0,
0,0.00145521,0.00276798,0.0038098,0.00447869,0.00470917,0.00447869,0.0038098,0.00276798,0.00145521,0,
0,0.000765051,0.00145521,0.00200293,0.00235459,0.00247576,0.00235459,0.00200293,0.00145521,0.000765051,0,
0,0,0,0,0,0,0,0,0,0,0
Time = 0.3
0,0,0,0,0,0,0,0,0,0,0,
0,0.000463184,0.000881029,0.00121263,0.00142553,0.0014989,0.00142553,0.00121263,0.000881029,0.000463184,0,
0,0.000881029,0.00167582,0.00230656,0.00271153,0.00285107,0.00271153,0.00230656,0.00167582,0.000881029,0,
0,0.00121263,0.00230656,0.00317471,0.0037321,0.00392416,0.0037321,0.00317471,0.00230656,0.00121263,0,
0,0.00142553,0.00271153,0.0037321,0.00438734,0.00461313,0.00438734,0.0037321,0.00271153,0.00142553,0,
0,0.0014989,0.00285107,0.00392416,0.00461313,0.00485053,0.00461313,0.00392416,0.00285107,0.0014989,0,
0,0.00142553,0.00271153,0.0037321,0.00438734,0.00461313,0.00438734,0.0037321,0.00271153,0.00142553,0,
0,0.00121263,0.00230656,0.00317471,0.0037321,0.00392416,0.0037321,0.00317471,0.00230656,0.00121263,0,
0,0.000881029,0.00167582,0.00230656,0.00271153,0.00285107,0.00271153,0.00230656,0.00167582,0.000881029,0,
0,0.000463184,0.000881029,0.00121263,0.00142553,0.0014989,0.00142553,0.00121263,0.000881029,0.000463184,0,
0,0,0,0,0,0,0,0,0,0,0
Time = 0.325
0,0,0,0,0,0,0,0,0,0,0,
0,0.000280425,0.0005334,0.000734163,0.00086306,0.000907475,0.00086306,0.000734163,0.0005334,0.000280425,0,
0,0.0005334,0.00101459,0.00139646,0.00164164,0.00172612,0.00164164,0.00139646,0.00101459,0.0005334,0,
0,0.000734163,0.00139646,0.00192206,0.00225952,0.0023758,0.00225952,0.00192206,0.00139646,0.000734163,0,
0,0.00086306,0.00164164,0.00225952,0.00265623,0.00279292,0.00265623,0.00225952,0.00164164,0.00086306,0,
0,0.000907475,0.00172612,0.0023758,0.00279292,0.00293665,0.00279292,0.0023758,0.00172612,0.000907475,0,
0,0.00086306,0.00164164,0.00225952,0.00265623,0.00279292,0.00265623,0.00225952,0.00164164,0.00086306,0,
0,0.000734163,0.00139646,0.00192206,0.00225952,0.0023758,0.00225952,0.00192206,0.00139646,0.000734163,0,
0,0.0005334,0.00101459,0.00139646,0.00164164,0.00172612,0.00164164,0.00139646,0.00101459,0.0005334,0,
0,0.000280425,0.0005334,0.000734163,0.00086306,0.000907475,0.00086306,0.000734163,0.0005334,0.000280425,0,
0,0,0,0,0,0,0,0,0,0,0
Time = 0.35
0,0,0,0,0,0,0,0,0,0,0,
0,0.000169778,0.000322936,0.000444483,0.000522522,0.000549412,0.000522522,0.000444483,0.000322936,0.000169778,0,
0,0.000322936,0.000614261,0.000845458,0.000993895,0.00104504,0.000993895,0.000845458,0.000614261,0.000322936,0,
0,0.000444483,0.000845458,0.00116367,0.00136798,0.00143838,0.00136798,0.00116367,0.000845458,0.000444483,0,
0,0.000522522,0.000993895,0.00136798,0.00160816,0.00169092,0.00160816,0.00136798,0.000993895,0.000522522,0,
0,0.000549412,0.00104504,0.00143838,0.00169092,0.00177793,0.00169092,0.00143838,0.00104504,0.000549412,0,
0,0.000522522,0.000993895,0.00136798,0.00160816,0.00169092,0.00160816,0.00136798,0.000993895,0.000522522,0,
0,0.000444483,0.000845458,0.00116367,0.00136798,0.00143838,0.00136798,0.00116367,0.000845458,0.000444483,0,
0,0.000322936,0.000614261,0.000845458,0.000993895,0.00104504,0.000993895,0.000845458,0.000614261,0.000322936,0,
0,0.000169778,0.000322936,0.000444483,0.000522522,0.000549412,0.000522522,0.000444483,0.000322936,0.000169778,0,
0,0,0,0,0,0,0,0,0,0,0
Time = 0.375
0,0,0,0,0,0,0,0,0,0,0,
0,0.000102788,0.000195515,0.000269103,0.00031635,0.00033263,0.00031635,0.000269103,0.000195515,0.000102788,0,
0,0.000195515,0.000371891,0.000511865,0.000601733,0.0006327,0.000601733,0.000511865,0.000371891,0.000195515,0,
0,0.000269103,0.000511865,0.000704521,0.000828214,0.000870836,0.000828214,0.000704521,0.000511865,0.000269103,0,
0,0.00031635,0.000601733,0.000828214,0.000973624,0.00102373,0.000973624,0.000828214,0.000601733,0.00031635,0,
0,0.00033263,0.0006327,0.000870836,0.00102373,0.00107641,0.00102373,0.000870836,0.0006327,0.00033263,0,
0,0.00031635,0.000601733,0.000828214,0.000973624,0.00102373,0.000973624,0.000828214,0.000601733,0.00031635,0,
0,0.000269103,0.000511865,0.000704521,0.000828214,0.000870836,0.000828214,0.000704521,0.000511865,0.000269103,0,
0,0.000195515,0.000371891,0.000511865,0.000601733,0.0006327,0.000601733,0.000511865,0.000371891,0.000195515,0,
0,0.000102788,0.000195515,0.000269103,0.00031635,0.00033263,0.00031635,0.000269103,0.000195515,0.000102788,0,
0,0,0,0,0,0,0,0,0,0,0
Time = 0.4
0,0,0,0,0,0,0,0,0,0,0,
0,6.2231e-05,0.00011837,0.000162923,0.000191527,0.000201384,0.000191527,0.000162923,0.00011837,6.2231e-05,0,
0,0.00011837,0.000225154,0.000309898,0.000364307,0.000383055,0.000364307,0.000309898,0.000225154,0.00011837,0,
0,0.000162923,0.000309898,0.000426538,0.000501425,0.00052723,0.000501425,0.000426538,0.000309898,0.000162923,0,
0,0.000191527,0.000364307,0.000501425,0.000589461,0.000619795,0.000589461,0.000501425,0.000364307,0.000191527,0,
0,0.000201384,0.000383055,0.00052723,0.000619795,0.000651692,0.000619795,0.00052723,0.000383055,0.000201384,0,
0,0.000191527,0.000364307,0.000501425,0.000589461,0.000619795,0.000589461,0.000501425,0.000364307,0.000191527,0,
0,0.000162923,0.000309898,0.000426538,0.000501425,0.00052723,0.000501425,0.000426538,0.000309898,0.000162923,0,
0,0.00011837,0.000225154,0.000309898,0.000364307,0.000383055,0.000364307,0.000309898,0.000225154,0.00011837,0,
0,6.2231e-05,0.00011837,0.000162923,0.000191527,0.000201384,0.000191527,0.000162923,0.00011837,6.2231e-05,0,
0,0,0,0,0,0,0,0,0,0,0
Time = 0.425
0,0,0,0,0,0,0,0,0,0,0,
0,3.76765e-05,7.16649e-05,9.86382e-05,0.000115956,0.000121924,0.000115956,9.86382e-05,7.16649e-05,3.76765e-05,0,
0,7.16649e-05,0.000136315,0.000187621,0.000220562,0.000231912,0.000220562,0.000187621,0.000136315,7.16649e-05,0,
0,9.86382e-05,0.000187621,0.000258238,0.000303577,0.0003192,0.000303577,0.000258238,0.000187621,9.86382e-05,0,
0,0.000115956,0.000220562,0.000303577,0.000356877,0.000375242,0.000356877,0.000303577,0.000220562,0.000115956,0,
0,0.000121924,0.000231912,0.0003192,0.000375242,0.000394553,0.000375242,0.0003192,0.000231912,0.000121924,0,
0,0.000115956,0.000220562,0.000303577,0.000356877,0.000375242,0.000356877,0.000303577,0.000220562,0.000115956,0,
0,9.86382e-05,0.000187621,0.000258238,0.000303577,0.0003192,0.000303577,0.000258238,0.000187621,9.86382e-05,0,
0,7.16649e-05,0.000136315,0.000187621,0.000220562,0.000231912,0.000220562,0.000187621,0.000136315,7.16649e-05,0,
0,3.76765e-05,7.16649e-05,9.86382e-05,0.000115956,0.000121924,0.000115956,9.86382e-05,7.16649e-05,3.76765e-05,0,
0,0,0,0,0,0,0,0,0,0,0
Time = 0.45
0,0,0,0,0,0,0,0,0,0,0,
0,2.28104e-05,4.3388e-05,5.97185e-05,7.02033e-05,7.38161e-05,7.02033e-05,5.97185e-05,4.3388e-05,2.28104e-05,0,
0,4.3388e-05,8.25289e-05,0.000113591,0.000133535,0.000140407,0.000133535,0.000113591,8.25289e-05,4.3388e-05,0,
0,5.97185e-05,0.000113591,0.000156345,0.000183795,0.000193253,0.000183795,0.000156345,0.000113591,5.97185e-05,0,
0,7.02033e-05,0.000133535,0.000183795,0.000216063,0.000227183,0.000216063,0.000183795,0.000133535,7.02033e-05,0,
0,7.38161e-05,0.000140407,0.000193253,0.000227183,0.000238874,0.000227183,0.000193253,0.000140407,7.38161e-05,0,
0,7.02033e-05,0.000133535,0.000183795,0.000216063,0.000227183,0.000216063,0.000183795,0.000133535,7.02033e-05,0,
0,5.97185e-05,0.000113591,0.000156345,0.000183795,0.000193253,0.000183795,0.000156345,0.000113591,5.97185e-05,0,
0,4.3388e-05,8.25289e-05,0.000113591,0.000133535,0.000140407,0.000133535,0.000113591,8.25289e-05,4.3388e-05,0,
0,2.28104e-05,4.3388e-05,5.97185e-05,7.02033e-05,7.38161e-05,7.02033e-05,5.97185e-05,4.3388e-05,2.28104e-05,0,
0,0,0,0,0,0,0,0,0,0,0
Time = 0.475
0,0,0,0,0,0,0,0,0,0,0,
0,1.38101e-05,2.62684e-05,3.61553e-05,4.25031e-05,4.46904e-05,4.25031e-05,3.61553e-05,2.62684e-05,1.38101e-05,0,
0,2.62684e-05,4.99654e-05,6.87714e-05,8.08457e-05,8.50062e-05,8.08457e-05,6.87714e-05,4.99654e-05,2.62684e-05,0,
0,3.61553e-05,6.87714e-05,9.46558e-05,0.000111275,0.000117001,0.000111275,9.46558e-05,6.87714e-05,3.61553e-05,0,
0,4.25031e-05,8.08457e-05,0.000111275,0.000130811,0.000137543,0.000130811,0.000111275,8.08457e-05,4.25031e-05,0,
0,4.46904e-05,8.50062e-05,0.000117001,0.000137543,0.000144621,0.000137543,0.000117001,8.50062e-05,4.46904e-05,0,
0,4.25031e-05,8.08457e-05,0.000111275,0.000130811,0.000137543,0.000130811,0.000111275,8.08457e-05,4.25031e-05,0,
0,3.61553e-05,6.87714e-05,9.46558e-05,0.000111275,0.000117001,0.000111275,9.46558e-05,6.87714e-05,3.61553e-05,0,
0,2.62684e-05,4.99654e-05,6.87714e-05,8.08457e-05,8.50062e-05,8.08457e-05,6.87714e-05,4.99654e-05,2.62684e-05,0,
0,1.38101e-05,2.62684e-05,3.61553e-05,4.25031e-05,4.46904e-05,4.25031e-05,3.61553e-05,2.62684e-05,1.38101e-05,0,
0,0,0,0,0,0,0,0,0,0,0
Time = 0.5
0,0,0,0,0,0,0,0,0,0,0,
0,8.36103e-06,1.59036e-05,2.18895e-05,2.57326e-05,2.70569e-05,2.57326e-05,2.18895e-05,1.59036e-05,8.36103e-06,0,
0,1.59036e-05,3.02505e-05,4.16362e-05,4.89463e-05,5.14652e-05,4.89463e-05,4.16362e-05,3.02505e-05,1.59036e-05,0,
0,2.18895e-05,4.16362e-05,5.73074e-05,6.73688e-05,7.08358e-05,6.73688e-05,5.73074e-05,4.16362e-05,2.18895e-05,0,
0,2.57326e-05,4.89463e-05,6.73688e-05,7.91968e-05,8.32725e-05,7.91968e-05,6.73688e-05,4.89463e-05,2.57326e-05,0,
0,2.70569e-05,5.14652e-05,7.08358e-05,8.32725e-05,8.75579e-05,8.32725e-05,7.08358e-05,5.14652e-05,2.70569e-05,0,
0,2.57326e-05,4.89463e-05,6.73688e-05,7.91968e-05,8.32725e-05,7.91968e-05,6.73688e-05,4.89463e-05,2.57326e-05,0,
0,2.18895e-05,4.16362e-05,5.73074e-05,6.73688e-05,7.08358e-05,6.73688e-05,5.73074e-05,4.16362e-05,2.18895e-05,0,
0,1.59036e-05,3.02505e-05,4.16362e-05,4.89463e-05,5.14652e-05,4.89463e-05,4.16362e-05,3.02505e-05,1.59036e-05,0,
0,8.36103e-06,1.59036e-05,2.18895e-05,2.57326e-05,2.70569e-05,2.57326e-05,2.18895e-05,1.59036e-05,8.36103e-06,0,
0,0,0,0,0,0,0,0,0,0,0
Time = 0.525
0,0,0,0,0,0,0,0,0,0,0,
0,5.06201e-06,9.62852e-06,1.32525e-05,1.55793e-05,1.6381e-05,1.55793e-05,1.32525e-05,9.62852e-06,5.06201e-06,0,
0,9.62852e-06,1.83145e-05,2.52078e-05,2.96335e-05,3.11585e-05,2.96335e-05,2.52078e-05,1.83145e-05,9.62852e-06,0,
0,1.32525e-05,2.52078e-05,3.46955e-05,4.07871e-05,4.2886e-05,4.07871e-05,3.46955e-05,2.52078e-05,1.32525e-05,0,
0,1.55793e-05,2.96335e-05,4.07871e-05,4.79481e-05,5.04156e-05,4.79481e-05,4.07871e-05,2.96335e-05,1.55793e-05,0,
0,1.6381e-05,3.11585e-05,4.2886e-05,5.04156e-05,5.30101e-05,5.04156e-05,4.2886e-05,3.11585e-05,1.6381e-05,0,
0,1.55793e-05,2.96335e-05,4.07871e-05,4.79481e-05,5.04156e-05,4.79481e-05,4.07871e-05,2.96335e-05,1.55793e-05,0,
0,1.32525e-05,2.52078e-05,3.46955e-05,4.07871e-05,4.2886e-05,4.07871e-05,3.46955e-05,2.52078e-05,1.32525e-05,0,
0,9.62852e-06,1.83145e-05,2.52078e-05,2.96335e-05,3.11585e-05,2.96335e-05,2.52078e-05,1.83145e-05,9.62852e-06,0,
0,5.06201e-06,9.62852e-06,1.32525e-05,1.55793e-05,1.6381e-05,1.55793e-05,1.32525e-05,9.62852e-06,5.06201e-06,0,
0,0,0,0,0,0,0,0,0,0,0
Time = 0.55
0,0,0,0,0,0,0,0,0,0,0,
0,3.06469e-06,5.82938e-06,8.02346e-06,9.43214e-06,9.91754e-06,9.43214e-06,8.02346e-06,5.82938e-06,3.06469e-06,0,
0,5.82938e-06,1.10881e-05,1.52615e-05,1.7941e-05,1.88643e-05,1.7941e-05,1.52615e-05,1.10881e-05,5.82938e-06,0,
0,8.02346e-06,1.52615e-05,2.10057e-05,2.46937e-05,2.59645e-05,2.46937e-05,2.10057e-05,1.52615e-05,8.02346e-06,0,
0,9.43214e-06,1.7941e-05,2.46937e-05,2.90291e-05,3.05231e-05,2.90291e-05,2.46937e-05,1.7941e-05,9.43214e-06,0,
0,9.91754e-06,1.88643e-05,2.59645e-05,3.05231e-05,3.20938e-05,3.05231e-05,2.59645e-05,1.88643e-05,9.91754e-06,0,
0,9.43214e-06,1.7941e-05,2.46937e-05,2.90291e-05,3.05231e-05,2.90291e-05,2.46937e-05,1.7941e-05,9.43214e-06,0,
0,8.02346e-06,1.52615e-05,2.10057e-05,2.46937e-05,2.59645e-05,2.46937e-05,2.10057e-05,1.52615e-05,8.02346e-06,0,
0,5.82938e-06,1.10881e-05,1.52615e-05,1.7941e-05,1.88643e-05,1.7941e-05,1.52615e-05,1.10881e-05,5.82938e-06,0,
0,3.06469e-06,5.82938e-06,8.02346e-06,9.43214e-06,9.91754e-06,9.43214e-06,8.02346e-06,5.82938e-06,3.06469e-06,0,
0,0,0,0,0,0,0,0,0,0,0
Time = 0.575
0,0,0,0,0,0,0,0,0,0,0,
0,1.85545e-06,3.52928e-06,4.85764e-06,5.71049e-06,6.00437e-06,5.71049e-06,4.85764e-06,3.52928e-06,1.85545e-06,0,
0,3.52928e-06,6.71309e-06,9.23977e-06,1.0862e-05,1.1421e-05,1.0862e-05,9.23977e-06,6.71309e-06,3.52928e-06,0,
0,4.85764e-06,9.23977e-06,1.27175e-05,1.49503e-05,1.57196e-05,1.49503e-05,1.27175e-05,9.23977e-06,4.85764e-06,0,
0,5.71049e-06,1.0862e-05,1.49503e-05,1.75751e-05,1.84795e-05,1.75751e-05,1.49503e-05,1.0862e-05,5.71049e-06,0,
0,6.00437e-06,1.1421e-05,1.57196e-05,1.84795e-05,1.94305e-05,1.84795e-05,1.57196e-05,1.1421e-05,6.00437e-06,0,
0,5.71049e-06,1.0862e-05,1.49503e-05,1.75751e-05,1.84795e-05,1.75751e-05,1.49503e-05,1.0862e-05,5.71049e-06,0,
0,4.85764e-06,9.23977e-06,1.27175e-05,1.49503e-05,1.57196e-05,1.49503e-05,1.27175e-05,9.23977e-06,4.85764e-06,0,
0,3.52928e-06,6.71309e-06,9.23977e-06,1.0862e-05,1.1421e-05,1.0862e-05,9.23977e-06,6.71309e-06,3.52928e-06,0,
0,1.85545e-06,3.52928e-06,4.85764e-06,5.71049e-06,6.00437e-06,5.71049e-06,4.85764e-06,3.52928e-06,1.85545e-06,0,
0,0,0,0,0,0,0,0,0,0,0
Time = 0.6
0,0,0,0,0,0,0,0,0,0,0,
0,1.12334e-06,2.13673e-06,2.94095e-06,3.4573e-06,3.63522e-06,3.4573e-06,2.94095e-06,2.13673e-06,1.12334e-06,0,
0,2.13673e-06,4.0643e-06,5.59403e-06,6.57617e-06,6.9146e-06,6.57617e-06,5.59403e-06,4.0643e-06,2.13673e-06,0,
0,2.94095e-06,5.59403e-06,7.69952e-06,9.05132e-06,9.51712e-06,9.05132e-06,7.69952e-06,5.59403e-06,2.94095e-06,0,
0,3.4573e-06,6.57617e-06,9.05132e-06,1.06405e-05,1.11881e-05,1.06405e-05,9.05132e-06,6.57617e-06,3.4573e-06,0,
0,3.63522e-06,6.9146e-06,9.51712e-06,1.11881e-05,1.17638e-05,1.11881e-05,9.51712e-06,6.9146e-06,3.63522e-06,0,
0,3.4573e-06,6.57617e-06,9.05132e-06,1.06405e-05,1.11881e-05,1.06405e-05,9.05132e-06,6.57617e-06,3.4573e-06,0,
0,2.94095e-06,5.59403e-06,7.69952e-06,9.05132e-06,9.51712e-06,9.05132e-06,7.69952e-06,5.59403e-06,2.94095e-06,0,
0,2.13673e-06,4.0643e-06,5.59403e-06,6.57617e-06,6.9146e-06,6.57617e-06,5.59403e-06,4.0643e-06,2.13673e-06,0,
0,1.12334e-06,2.13673e-06,2.94095e-06,3.4573e-06,3.63522e-06,3.4573e-06,2.94095e-06,2.13673e-06,1.12334e-06,0,
0,0,0,0,0,0,0,0,0,0,0
Time = 0.625
0,0,0,0,0,0,0,0,0,0,0,
0,6.80105e-07,1.29364e-06,1.78054e-06,2.09315e-06,2.20087e-06,2.09315e-06,1.78054e-06,1.29364e-06,6.80105e-07,0,
0,1.29364e-06,2.46064e-06,3.38679e-06,3.98141e-06,4.1863e-06,3.98141e-06,3.38679e-06,2.46064e-06,1.29364e-06,0,
0,1.78054e-06,3.38679e-06,4.66151e-06,5.47993e-06,5.76194e-06,5.47993e-06,4.66151e-06,3.38679e-06,1.78054e-06,0,
0,2.09315e-06,3.98141e-06,5.47993e-06,6.44205e-06,6.77357e-06,6.44205e-06,5.47993e-06,3.98141e-06,2.09315e-06,0,
0,2.20087e-06,4.1863e-06,5.76194e-06,6.77357e-06,7.12215e-06,6.77357e-06,5.76194e-06,4.1863e-06,2.20087e-06,0,
0,2.09315e-06,3.98141e-06,5.47993e-06,6.44205e-06,6.77357e-06,6.44205e-06,5.47993e-06,3.98141e-06,2.09315e-06,0,
0,1.78054e-06,3.38679e-06,4.66151e-06,5.47993e-06,5.76194e-06,5.47993e-06,4.66151e-06,3.38679e-06,1.78054e-06,0,
0,1.29364e-06,2.46064e-06,3.38679e-06,3.98141e-06,4.1863e-06,3.98141e-06,3.38679e-06,2.46064e-06,1.29364e-06,0,
0,6.80105e-07,1.29364e-06,1.78054e-06,2.09315e-06,2.20087e-06,2.09315e-06,1.78054e-06,1.29364e-06,6.80105e-07,0,
0,0,0,0,0,0,0,0,0,0,0
Time = 0.65
0,0,0,0,0,0,0,0,0,0,0,
0,4.11755e-07,7.83205e-07,1.07799e-06,1.26725e-06,1.33247e-06,1.26725e-06,1.07799e-06,7.83205e-07,4.11755e-07,0,
0,7.83205e-07,1.48975e-06,2.05046e-06,2.41046e-06,2.53451e-06,2.41046e-06,2.05046e-06,1.48975e-06,7.83205e-07,0,
0,1.07799e-06,2.05046e-06,2.82221e-06,3.31771e-06,3.48845e-06,3.31771e-06,2.82221e-06,2.05046e-06,1.07799e-06,0,
0,1.26725e-06,2.41046e-06,3.31771e-06,3.9002e-06,4.10092e-06,3.9002e-06,3.31771e-06,2.41046e-06,1.26725e-06,0,
0,1.33247e-06,2.53451e-06,3.48845e-06,4.10092e-06,4.31196e-06,4.10092e-06,3.48845e-06,2.53451e-06,1.33247e-06,0,
0,1.26725e-06,2.41046e-06,3.31771e-06,3.9002e-06,4.10092e-06,3.9002e-06,3.31771e-06,2.41046e-06,1.26725e-06,0,
0,1.07799e-06,2.05046e-06,2.82221e-06,3.31771e-06,3.48845e-06,3.31771e-06,2.82221e-06,2.05046e-06,1.07799e-06,0,
0,7.83205e-07,1.48975e-06,2.05046e-06,2.41046e-06,2.53451e-06,2.41046e-06,2.05046e-06,1.48975e-06,7.83205e-07,0,
0,4.11755e-07,7.83205e-07,1.07799e-06,1.26725e-06,1.33247e-06,1.26725e-06,1.07799e-06,7.83205e-07,4.11755e-07,0,
0,0,0,0,0,0,0,0,0,0,0
Time = 0.675
0,0,0,0,0,0,0,0,0,0,0,
0,2.49289e-07,4.74175e-07,6.52646e-07,7.67232e-07,8.06715e-07,7.67232e-07,6.52646e-07,4.74175e-07,2.49289e-07,0,
0,4.74175e-07,9.01935e-07,1.24141e-06,1.45936e-06,1.53446e-06,1.45936e-06,1.24141e-06,9.01935e-07,4.74175e-07,0,
0,6.52646e-07,1.24141e-06,1.70865e-06,2.00864e-06,2.11201e-06,2.00864e-06,1.70865e-06,1.24141e-06,6.52646e-07,0,
0,7.67232e-07,1.45936e-06,2.00864e-06,2.3613e-06,2.48281e-06,2.3613e-06,2.00864e-06,1.45936e-06,7.67232e-07,0,
0,8.06715e-07,1.53446e-06,2.11201e-06,2.48281e-06,2.61059e-06,2.48281e-06,2.11201e-06,1.53446e-06,8.06715e-07,0,
0,7.67232e-07,1.45936e-06,2.00864e-06,2.3613e-06,2.48281e-06,2.3613e-06,2.00864e-06,1.45936e-06,7.67232e-07,0,
0,6.52646e-07,1.24141e-06,1.70865e-06,2.00864e-06,2.11201e-06,2.00864e-06,1.70865e-06,1.24141e-06,6.52646e-07,0,
0,4.74175e-07,9.01935e-07,1.24141e-06,1.45936e-06,1.53446e-06,1.45936e-06,1.24141e-06,9.01935e-07,4.74175e-07,0,
0,2.49289e-07,4.74175e-07,6.52646e-07,7.67232e-07,8.06715e-07,7.67232e-07,6.52646e-07,4.74175e-07,2.49289e-07,0,
0,0,0,0,0,0,0,0,0,0,0
Time = 0.7
0,0,0,0,0,0,0,0,0,0,0,
0,1.50927e-07,2.8708e-07,3.95131e-07,4.64504e-07,4.88409e-07,4.64504e-07,3.95131e-07,2.8708e-07,1.50927e-07,0,
0,2.8708e-07,5.46058e-07,7.51584e-07,8.8354e-07,9.29009e-07,8.8354e-07,7.51584e-07,5.46058e-07,2.8708e-07,0,
0,3.95131e-07,7.51584e-07,1.03447e-06,1.21609e-06,1.27867e-06,1.21609e-06,1.03447e-06,7.51584e-07,3.95131e-07,0,
0,4.64504e-07,8.8354e-07,1.21609e-06,1.4296e-06,1.50317e-06,1.4296e-06,1.21609e-06,8.8354e-07,4.64504e-07,0,
0,4.88409e-07,9.29009e-07,1.27867e-06,1.50317e-06,1.58052e-06,1.50317e-06,1.27867e-06,9.29009e-07,4.88409e-07,0,
0,4.64504e-07,8.8354e-07,1.21609e-06,1.4296e-06,1.50317e-06,1.4296e-06,1.21609e-06,8.8354e-07,4.64504e-07,0,
0,3.95131e-07,7.51584e-07,1.03447e-06,1.21609e-06,1.27867e-06,1.21609e-06,1.03447e-06,7.51584e-07,3.95131e-07,0,
0,2.8708e-07,5.46058e-07,7.51584e-07,8.8354e-07,9.29009e-07,8.8354e-07,7.51584e-07,5.46058e-07,2.8708e-07,0,
0,1.50927e-07,2.8708e-07,3.95131e-07,4.64504e-07,4.88409e-07,4.64504e-07,3.95131e-07,2.8708e-07,1.50927e-07,0,
0,0,0,0,0,0,0,0,0,0,0
Time = 0.725
0,0,0,0,0,0,0,0,0,0,0,
0,9.13754e-08,1.73806e-07,2.39224e-07,2.81224e-07,2.95697e-07,2.81224e-07,2.39224e-07,1.73806e-07,9.13754e-08,0,
0,1.73806e-07,3.30599e-07,4.55031e-07,5.34921e-07,5.62449e-07,5.34921e-07,4.55031e-07,3.30599e-07,1.73806e-07,0,
0,2.39224e-07,4.55031e-07,6.26296e-07,7.36255e-07,7.74145e-07,7.36255e-07,6.26296e-07,4.55031e-07,2.39224e-07,0,
0,2.81224e-07,5.34921e-07,7.36255e-07,8.6552e-07,9.10061e-07,8.6552e-07,7.36255e-07,5.34921e-07,2.81224e-07,0,
0,2.95697e-07,5.62449e-07,7.74145e-07,9.10061e-07,9.56895e-07,9.10061e-07,7.74145e-07,5.62449e-07,2.95697e-07,0,
0,2.81224e-07,5.34921e-07,7.36255e-07,8.6552e-07,9.10061e-07,8.6552e-07,7.36255e-07,5.34921e-07,2.81224e-07,0,
0,2.39224e-07,4.55031e-07,6.26296e-07,7.36255e-07,7.74145e-07,7.36255e-07,6.26296e-07,4.55031e-07,2.39224e-07,0,
0,1.73806e-07,3.30599e-07,4.55031e-07,5.34921e-07,5.62449e-07,5.34921e-07,4.55031e-07,3.30599e-07,1.73806e-07,0,
0,9.13754e-08,1.73806e-07,2.39224e-07,2.81224e-07,2.95697e-07,2.81224e-07,2.39224e-07,1.73806e-07,9.13754e-08,0,
0,0,0,0,0,0,0,0,0,0,0
Time = 0.75
0,0,0,0,0,0,0,0,0,0,0,
0,5.53213e-08,1.05227e-07,1.44833e-07,1.70261e-07,1.79023e-07,1.70261e-07,1.44833e-07,1.05227e-07,5.53213e-08,0,
0,1.05227e-07,2.00154e-07,2.75489e-07,3.23857e-07,3.40523e-07,3.23857e-07,2.75489e-07,2.00154e-07,1.05227e-07,0,
0,1.44833e-07,2.75489e-07,3.79178e-07,4.4575e-07,4.6869e-07,4.4575e-07,3.79178e-07,2.75489e-07,1.44833e-07,0,
0,1.70261e-07,3.23857e-07,4.4575e-07,5.24011e-07,5.50978e-07,5.24011e-07,4.4575e-07,3.23857e-07,1.70261e-07,0,
0,1.79023e-07,3.40523e-07,4.6869e-07,5.50978e-07,5.79332e-07,5.50978e-07,4.6869e-07,3.40523e-07,1.79023e-07,0,
0,1.70261e-07,3.23857e-07,4.4575e-07,5.24011e-07,5.50978e-07,5.24011e-07,4.4575e-07,3.23857e-07,1.70261e-07,0,
0,1.44833e-07,2.75489e-07,3.79178e-07,4.4575e-07,4.6869e-07,4.4575e-07,3.79178e-07,2.75489e-07,1.44833e-07,0,
0,1.05227e-07,2.00154e-07,2.75489e-07,3.23857e-07,3.40523e-07,3.23857e-07,2.75489e-07,2.00154e-07,1.05227e-07,0,
0,5.53213e-08,1.05227e-07,1.44833e-07,1.70261e-07,1.79023e-07,1.70261e-07,1.44833e-07,1.05227e-07,5.53213e-08,0,
0,0,0,0,0,0,0,0,0,0,0
Time = 0.775
0,0,0,0,0,0,0,0,0,0,0,
0,3.34931e-08,6.37077e-08,8.76861e-08,1.03081e-07,1.08386e-07,1.03081e-07,8.76861e-08,6.37077e-08,3.34931e-08,0,
0,6.37077e-08,1.21179e-07,1.66789e-07,1.96072e-07,2.06162e-07,1.96072e-07,1.66789e-07,1.21179e-07,6.37077e-08,0,
0,8.76861e-08,1.66789e-07,2.29565e-07,2.6987e-07,2.83758e-07,2.6987e-07,2.29565e-07,1.66789e-07,8.76861e-08,0,
0,1.03081e-07,1.96072e-07,2.6987e-07,3.17251e-07,3.33578e-07,3.17251e-07,2.6987e-07,1.96072e-07,1.03081e-07,0,
0,1.08386e-07,2.06162e-07,2.83758e-07,3.33578e-07,3.50745e-07,3.33578e-07,2.83758e-07,2.06162e-07,1.08386e-07,0,
0,1.03081e-07,1.96072e-07,2.6987e-07,3.17251e-07,3.33578e-07,3.17251e-07,2.6987e-07,1.96072e-07,1.03081e-07,0,
0,8.76861e-08,1.66789e-07,2.29565e-07,2.6987e-07,2.83758e-07,2.6987e-07,2.29565e-07,1.66789e-07,8.76861e-08,0,
0,6.37077e-08,1.21179e-07,1.66789e-07,1.96072e-07,2.06162e-07,1.96072e-07,1.66789e-07,1.21179e-07,6.37077e-08,0,
0,3.34931e-08,6.37077e-08,8.76861e-08,1.03081e-07,1.08386e-07,1.03081e-07,8.76861e-08,6.37077e-08,3.34931e-08,0,
0,0,0,0,0,0,0,0,0,0,0
Time = 0.8
0,0,0,0,0,0,0,0,0,0,0,
0,2.02777e-08,3.85705e-08,5.30877e-08,6.24084e-08,6.562e-08,6.24084e-08,5.30877e-08,3.85705e-08,2.02777e-08,0,
0,3.85705e-08,7.33654e-08,1.00979e-07,1.18708e-07,1.24817e-07,1.18708e-07,1.00979e-07,7.33654e-08,3.85705e-08,0,
0,5.30877e-08,1.00979e-07,1.38985e-07,1.63387e-07,1.71796e-07,1.63387e-07,1.38985e-07,1.00979e-07,5.30877e-08,0,
0,6.24084e-08,1.18708e-07,1.63387e-07,1.92073e-07,2.01958e-07,1.92073e-07,1.63387e-07,1.18708e-07,6.24084e-08,0,
0,6.562e-08,1.24817e-07,1.71796e-07,2.01958e-07,2.12351e-07,2.01958e-07,1.71796e-07,1.24817e-07,6.562e-08,0,
0,6.24084e-08,1.18708e-07,1.63387e-07,1.92073e-07,2.01958e-07,1.92073e-07,1.63387e-07,1.18708e-07,6.24084e-08,0,
0,5.30877e-08,1.00979e-07,1.38985e-07,1.63387e-07,1.71796e-07,1.63387e-07,1.38985e-07,1.00979e-07,5.30877e-08,0,
0,3.85705e-08,7.33654e-08,1.00979e-07,1.18708e-07,1.24817e-07,1.18708e-07,1.00979e-07,7.33654e-08,3.85705e-08,0,
0,2.02777e-08,3.85705e-08,5.30877e-08,6.24084e-08,6.562e-08,6.24084e-08,5.30877e-08,3.85705e-08,2.02777e-08,0,
0,0,0,0,0,0,0,0,0,0,0
Time = 0.825
0,0,0,0,0,0,0,0,0,0,0,
0,1.22767e-08,2.33517e-08,3.21409e-08,3.77838e-08,3.97283e-08,3.77838e-08,3.21409e-08,2.33517e-08,1.22767e-08,0,
0,2.33517e-08,4.44176e-08,6.11355e-08,7.18691e-08,7.55677e-08,7.18691e-08,6.11355e-08,4.44176e-08,2.33517e-08,0,
0,3.21409e-08,6.11355e-08,8.41459e-08,9.89194e-08,1.0401e-07,9.89194e-08,8.41459e-08,6.11355e-08,3.21409e-08,0,
0,3.77838e-08,7.18691e-08,9.89194e-08,1.16287e-07,1.22271e-07,1.16287e-07,9.89194e-08,7.18691e-08,3.77838e-08,0,
0,3.97283e-08,7.55677e-08,1.0401e-07,1.22271e-07,1.28563e-07,1.22271e-07,1.0401e-07,7.55677e-08,3.97283e-08,0,
0,3.77838e-08,7.18691e-08,9.89194e-08,1.16287e-07,1.22271e-07,1.16287e-07,9.89194e-08,7.18691e-08,3.77838e-08,0,
0,3.21409e-08,6.11355e-08,8.41459e-08,9.89194e-08,1.0401e-07,9.89194e-08,8.41459e-08,6.11355e-08,3.21409e-08,0,
0,2.33517e-08,4.44176e-08,6.11355e-08,7.18691e-08,7.55677e-08,7.18691e-08,6.11355e-08,4.44176e-08,2.33517e-08,0,
0,1.22767e-08,2.33517e-08,3.21409e-08,3.77838e-08,3.97283e-08,3.77838e-08,3.21409e-08,2.33517e-08,1.22767e-08,0,
0,0,0,0,0,0,0,0,0,0,0
Time = 0.85
0,0,0,0,0,0,0,0,0,0,0,
0,7.43268e-09,1.41378e-08,1.9459e-08,2.28754e-08,2.40527e-08,2.28754e-08,1.9459e-08,1.41378e-08,7.43268e-09,0,
0,1.41378e-08,2.68917e-08,3.70132e-08,4.35117e-08,4.57509e-08,4.35117e-08,3.70132e-08,2.68917e-08,1.41378e-08,0,
0,1.9459e-08,3.70132e-08,5.09443e-08,5.98887e-08,6.29707e-08,5.98887e-08,5.09443e-08,3.70132e-08,1.9459e-08,0,
0,2.28754e-08,4.35117e-08,5.98887e-08,7.04034e-08,7.40265e-08,7.04034e-08,5.98887e-08,4.35117e-08,2.28754e-08,0,
0,2.40527e-08,4.57509e-08,6.29707e-08,7.40265e-08,7.7836e-08,7.40265e-08,6.29707e-08,4.57509e-08,2.40527e-08,0,
0,2.28754e-08,4.35117e-08,5.98887e-08,7.04034e-08,7.40265e-08,7.04034e-08,5.98887e-08,4.35117e-08,2.28754e-08,0,
0,1.9459e-08,3.70132e-08,5.09443e-08,5.98887e-08,6.29707e-08,5.98887e-08,5.09443e-08,3.70132e-08,1.9459e-08,0,
0,1.41378e-08,2.68917e-08,3.70132e-08,4.35117e-08,4.57509e-08,4.35117e-08,3.70132e-08,2.68917e-08,1.41378e-08,0,
0,7.43268e-09,1.41378e-08,1.9459e-08,2.28754e-08,2.40527e-08,2.28754e-08,1.9459e-08,1.41378e-08,7.43268e-09,0,
0,0,0,0,0,0,0,0,0,0,0
Time = 0.875
0,0,0,0,0,0,0,0,0,0,0,
0,4.49996e-09,8.55943e-09,1.1781e-08,1.38495e-08,1.45622e-08,1.38495e-08,1.1781e-08,8.55943e-09,4.49996e-09,0,
0,8.55943e-09,1.6281e-08,2.24089e-08,2.63432e-08,2.76989e-08,2.63432e-08,2.24089e-08,1.6281e-08,8.55943e-09,0,
0,1.1781e-08,2.24089e-08,3.08432e-08,3.62583e-08,3.81243e-08,3.62583e-08,3.08432e-08,2.24089e-08,1.1781e-08,0,
0,1.38495e-08,2.63432e-08,3.62583e-08,4.26242e-08,4.48178e-08,4.26242e-08,3.62583e-08,2.63432e-08,1.38495e-08,0,
0,1.45622e-08,2.76989e-08,3.81243e-08,4.48178e-08,4.71242e-08,4.48178e-08,3.81243e-08,2.76989e-08,1.45622e-08,0,
0,1.38495e-08,2.63432e-08,3.62583e-08,4.26242e-08,4.48178e-08,4.26242e-08,3.62583e-08,2.63432e-08,1.38495e-08,0,
0,1.1781e-08,2.24089e-08,3.08432e-08,3.62583e-08,3.81243e-08,3.62583e-08,3.08432e-08,2.24089e-08,1.1781e-08,0,
0,8.55943e-09,1.6281e-08,2.24089e-08,2.63432e-08,2.76989e-08,2.63432e-08,2.24089e-08,1.6281e-08,8.55943e-09,0,
0,4.49996e-09,8.55943e-09,1.1781e-08,1.38495e-08,1.45622e-08,1.38495e-08,1.1781e-08,8.55943e-09,4.49996e-09,0,
0,0,0,0,0,0,0,0,0,0,0
Time = 0.9
0,0,0,0,0,0,0,0,0,0,0,
0,2.72441e-09,5.18213e-09,7.13259e-09,8.38486e-09,8.81636e-09,8.38486e-09,7.13259e-09,5.18213e-09,2.72441e-09,0,
0,5.18213e-09,9.857e-09,1.3567e-08,1.5949e-08,1.67697e-08,1.5949e-08,1.3567e-08,9.857e-09,5.18213e-09,0,
0,7.13259e-09,1.3567e-08,1.86734e-08,2.19519e-08,2.30815e-08,2.19519e-08,1.86734e-08,1.3567e-08,7.13259e-09,0,
0,8.38486e-09,1.5949e-08,2.19519e-08,2.58059e-08,2.7134e-08,2.58059e-08,2.19519e-08,1.5949e-08,8.38486e-09,0,
0,8.81636e-09,1.67697e-08,2.30815e-08,2.7134e-08,2.85304e-08,2.7134e-08,2.30815e-08,1.67697e-08,8.81636e-09,0,
0,8.38486e-09,1.5949e-08,2.19519e-08,2.58059e-08,2.7134e-08,2.58059e-08,2.19519e-08,1.5949e-08,8.38486e-09,0,
0,7.13259e-09,1.3567e-08,1.86734e-08,2.19519e-08,2.30815e-08,2.19519e-08,1.86734e-08,1.3567e-08,7.13259e-09,0,
0,5.18213e-09,9.857e-09,1.3567e-08,1.5949e-08,1.67697e-08,1.5949e-08,1.3567e-08,9.857e-09,5.18213e-09,0,
0,2.72441e-09,5.18213e-09,7.13259e-09,8.38486e-09,8.81636e-09,8.38486e-09,7.13259e-09,5.18213e-09,2.72441e-09,0,
0,0,0,0,0,0,0,0,0,0,0
Time = 0.925
0,0,0,0,0,0,0,0,0,0,0,
0,1.64943e-09,3.13741e-09,4.31828e-09,5.07644e-09,5.33768e-09,5.07644e-09,4.31828e-09,3.13741e-09,1.64943e-09,0,
0,3.13741e-09,5.96771e-09,8.21385e-09,9.65596e-09,1.01529e-08,9.65596e-09,8.21385e-09,5.96771e-09,3.13741e-09,0,
0,4.31828e-09,8.21385e-09,1.13054e-08,1.32903e-08,1.39742e-08,1.32903e-08,1.13054e-08,8.21385e-09,4.31828e-09,0,
0,5.07644e-09,9.65596e-09,1.32903e-08,1.56237e-08,1.64277e-08,1.56237e-08,1.32903e-08,9.65596e-09,5.07644e-09,0,
0,5.33768e-09,1.01529e-08,1.39742e-08,1.64277e-08,1.72731e-08,1.64277e-08,1.39742e-08,1.01529e-08,5.33768e-09,0,
0,5.07644e-09,9.65596e-09,1.32903e-08,1.56237e-08,1.64277e-08,1.56237e-08,1.32903e-08,9.65596e-09,5.07644e-09,0,
0,4.31828e-09,8.21385e-09,1.13054e-08,1.32903e-08,1.39742e-08,1.32903e-08,1.13054e-08,8.21385e-09,4.31828e-09,0,
0,3.13741e-09,5.96771e-09,8.21385e-09,9.65596e-09,1.01529e-08,9.65596e-09,8.21385e-09,5.96771e-09,3.13741e-09,0,
0,1.64943e-09,3.13741e-09,4.31828e-09,5.07644e-09,5.33768e-09,5.07644e-09,4.31828e-09,3.13741e-09,1.64943e-09,0,
0,0,0,0,0,0,0,0,0,0,0
Time = 0.95
0,0,0,0,0,0,0,0,0,0,0,
0,9.98616e-10,1.89948e-09,2.61441e-09,3.07342e-09,3.23159e-09,3.07342e-09,2.61441e-09,1.89948e-09,9.98616e-10,0,
0,1.89948e-09,3.61303e-09,4.9729e-09,5.846e-09,6.14685e-09,5.846e-09,4.9729e-09,3.61303e-09,1.89948e-09,0,
0,2.61441e-09,4.9729e-09,6.84461e-09,8.04633e-09,8.46041e-09,8.04633e-09,6.84461e-09,4.9729e-09,2.61441e-09,0,
0,3.07342e-09,5.846e-09,8.04633e-09,9.45902e-09,9.94581e-09,9.45902e-09,8.04633e-09,5.846e-09,3.07342e-09,0,
0,3.23159e-09,6.14685e-09,8.46041e-09,9.94581e-09,1.04576e-08,9.94581e-09,8.46041e-09,6.14685e-09,3.23159e-09,0,
0,3.07342e-09,5.846e-09,8.04633e-09,9.45902e-09,9.94581e-09,9.45902e-09,8.04633e-09,5.846e-09,3.07342e-09,0,
0,2.61441e-09,4.9729e-09,6.84461e-09,8.04633e-09,8.46041e-09,8.04633e-09,6.84461e-09,4.9729e-09,2.61441e-09,0,
0,1.89948e-09,3.61303e-09,4.9729e-09,5.846e-09,6.14685e-09,5.846e-09,4.9729e-09,3.61303e-09,1.89948e-09,0,
0,9.98616e-10,1.89948e-09,2.61441e-09,3.07342e-09,3.23159e-09,3.07342e-09,2.61441e-09,1.89948e-09,9.98616e-10,0,
0,0,0,0,0,0,0,0,0,0,0
Time = 0.975
0,0,0,0,0,0,0,0,0,0,0,
0,6.04591e-10,1.15e-09,1.58284e-09,1.86074e-09,1.9565e-09,1.86074e-09,1.58284e-09,1.15e-09,6.04591e-10,0,
0,1.15e-09,2.18743e-09,3.01074e-09,3.53934e-09,3.72148e-09,3.53934e-09,3.01074e-09,2.18743e-09,1.15e-09,0,
0,1.58284e-09,3.01074e-09,4.14393e-09,4.87148e-09,5.12218e-09,4.87148e-09,4.14393e-09,3.01074e-09,1.58284e-09,0,
0,1.86074e-09,3.53934e-09,4.87148e-09,5.72677e-09,6.02148e-09,5.72677e-09,4.87148e-09,3.53934e-09,1.86074e-09,0,
0,1.9565e-09,3.72148e-09,5.12218e-09,6.02148e-09,6.33136e-09,6.02148e-09,5.12218e-09,3.72148e-09,1.9565e-09,0,
0,1.86074e-09,3.53934e-09,4.87148e-09,5.72677e-09,6.02148e-09,5.72677e-09,4.87148e-09,3.53934e-09,1.86074e-09,0,
