Time = 0.01
0,0,0,0,0,0,
0,0.279508,0.452254,0.452254,0.279508,0,
0,0.452254,0.731763,0.731763,0.452254,0,
0,0.452254,0.731763,0.731763,0.452254,0,
0,0.279508,0.452254,0.452254,0.279508,0,
0,0,0,0,0,0
Time = 1
0,0,0,0,0,0,
0,2.15875e-10,3.49293e-10,3.49293e-10,2.15875e-10,0,
0,3.49293e-10,5.65167e-10,5.65167e-10,3.49293e-10,0,
0,3.49293e-10,5.65167e-10,5.65167e-10,3.49293e-10,0,
0,2.15875e-10,3.49293e-10,3.49293e-10,2.15875e-10,0,
0,0,0,0,0,0
Time = 2
0,0,0,0,0,0,
0,1.34886e-19,2.1825e-19,2.1825e-19,1.34886e-19,0,
0,2.1825e-19,3.53136e-19,3.53136e-19,2.1825e-19,0,
0,2.1825e-19,3.53136e-19,3.53136e-19,2.1825e-19,0,
0,1.34886e-19,2.1825e-19,2.1825e-19,1.34886e-19,0,
0,0,0,0,0,0
Time = 3
0,0,0,0,0,0,
0,8.42812e-29,1.3637e-28,1.3637e-28,8.42812e-29,0,
0,1.3637e-28,2.20651e-28,2.20651e-28,1.3637e-28,0,
0,1.3637e-28,2.20651e-28,2.20651e-28,1.3637e-28,0,
0,8.42812e-29,1.3637e-28,1.3637e-28,8.42812e-29,0,
0,0,0,0,0,0
Time = 4
0,0,0,0,0,0,
0,5.26617e-38,8.52085e-38,8.52085e-38,5.26617e-38,0,
0,8.52085e-38,1.3787e-37,1.3787e-37,8.52085e-38,0,
0,8.52085e-38,1.3787e-37,1.3787e-37,8.52085e-38,0,
0,5.26617e-38,8.52085e-38,8.52085e-38,5.26617e-38,0,
0,0,0,0,0,0
Time = 5
0,0,0,0,0,0,
0,3.29048e-47,5.32411e-47,5.32411e-47,3.29048e-47,0,
0,5.32411e-47,8.6146e-47,8.6146e-47,5.32411e-47,0,
0,5.32411e-47,8.6146e-47,8.6146e-47,5.32411e-47,0,
0,3.29048e-47,5.32411e-47,5.32411e-47,3.29048e-47,0,
0,0,0,0,0,0
Time = 6
0,0,0,0,0,0,
0,2.056e-56,3.32669e-56,3.32669e-56,2.056e-56,0,
0,3.32669e-56,5.38269e-56,5.38269e-56,3.32669e-56,0,
0,3.32669e-56,5.38269e-56,5.38269e-56,3.32669e-56,0,
0,2.056e-56,3.32669e-56,3.32669e-56,2.056e-56,0,
0,0,0,0,0,0
Time = 7
0,0,0,0,0,0,
0,1.28466e-65,2.07863e-65,2.07863e-65,1.28466e-65,0,
0,2.07863e-65,3.36329e-65,3.36329e-65,2.07863e-65,0,
0,2.07863e-65,3.36329e-65,3.36329e-65,2.07863e-65,0,
0,1.28466e-65,2.07863e-65,2.07863e-65,1.28466e-65,0,
0,0,0,0,0,0
Time = 8
0,0,0,0,0,0,
0,8.027e-75,1.2988e-74,1.2988e-74,8.027e-75,0,
0,1.2988e-74,2.10149e-74,2.10149e-74,1.2988e-74,0,
0,1.2988e-74,2.10149e-74,2.10149e-74,1.2988e-74,0,
0,8.027e-75,1.2988e-74,1.2988e-74,8.027e-75,0,
0,0,0,0,0,0
Time = 9
0,0,0,0,0,0,
0,5.01554e-84,8.11531e-84,8.11531e-84,5.01554e-84,0,
0,8.11531e-84,1.31308e-83,1.31308e-83,8.11531e-84,0,
0,8.11531e-84,1.31308e-83,1.31308e-83,8.11531e-84,0,
0,5.01554e-84,8.11531e-84,8.11531e-84,5.01554e-84,0,
0,0,0,0,0,0
Time = 10
0,0,0,0,0,0,
0,3.13388e-93,5.07072e-93,5.07072e-93,3.13388e-93,0,
0,5.07072e-93,8.2046e-93,8.2046e-93,5.07072e-93,0,
0,5.07072e-93,8.2046e-93,8.2046e-93,5.07072e-93,0,
0,3.13388e-93,5.07072e-93,5.07072e-93,3.13388e-93,0,
0,0,0,0,0,0
