Time = 0.006
0,0,0,0,0,0,0,0,0,0,0,
0,0.0842747,0.1603,0.220634,0.259371,0.272719,0.259371,0.220634,0.1603,0.0842747,0,
0,0.1603,0.304909,0.419671,0.493352,0.518741,0.493352,0.419671,0.304909,0.1603,0,
0,0.220634,0.419671,0.577627,0.679041,0.713986,0.679041,0.577627,0.419671,0.220634,0,
0,0.259371,0.493352,0.679041,0.798261,0.839341,0.798261,0.679041,0.493352,0.259371,0,
0,0.272719,0.518741,0.713986,0.839341,0.882536,0.839341,0.713986,0.518741,0.272719,0,
0,0.259371,0.493352,0.679041,0.798261,0.839341,0.798261,0.679041,0.493352,0.259371,0,
0,0.220634,0.419671,0.577627,0.679041,0.713986,0.679041,0.577627,0.419671,0.220634,0,
0,0.1603,0.304909,0.419671,0.493352,0.518741,0.493352,0.419671,0.304909,0.1603,0,
0,0.0842747,0.1603,0.220634,0.259371,0.272719,0.259371,0.220634,0.1603,0.0842747,0,
0,0,0,0,0,0,0,0,0,0,0
Time = 0.6
0,0,0,0,0,0,0,0,0,0,0,
0,-6.08761e+38,1.15801e+39,-1.59402e+39,1.87413e+39,-1.97085e+39,1.87466e+39,-1.59488e+39,1.15887e+39,-6.09292e+38,0,
0,1.15775e+39,-2.20232e+39,3.03154e+39,-3.56424e+39,3.74818e+39,-3.56523e+39,3.03315e+39,-2.20393e+39,1.15875e+39,0,
0,-1.59313e+39,3.0305e+39,-4.17154e+39,4.90454e+39,-5.15765e+39,4.90588e+39,-4.17371e+39,3.03267e+39,-1.59447e+39,0,
0,1.87226e+39,-3.56148e+39,4.90242e+39,-5.76384e+39,6.06127e+39,-5.76538e+39,4.90491e+39,-3.56397e+39,1.8738e+39,0,
0,-1.96795e+39,3.74349e+39,-5.15294e+39,6.05836e+39,-6.37096e+39,6.05993e+39,-5.15548e+39,3.74603e+39,-1.96952e+39,0,
0,1.871e+39,-3.55905e+39,4.89906e+39,-5.75984e+39,6.05702e+39,-5.76129e+39,4.9014e+39,-3.56139e+39,1.87244e+39,0,
0,-1.59108e+39,3.02658e+39,-4.16609e+39,4.89807e+39,-5.15077e+39,4.89927e+39,-4.16803e+39,3.02851e+39,-1.59227e+39,0,
0,1.1557e+39,-2.1984e+39,3.02609e+39,-3.55777e+39,3.74131e+39,-3.55862e+39,3.02747e+39,-2.19977e+39,1.15655e+39,0,
0,-6.07494e+38,1.15558e+39,-1.59066e+39,1.87013e+39,-1.9666e+39,1.87057e+39,-1.59137e+39,1.15629e+39,-6.07933e+38,0,
0,0,0,0,0,0,0,0,0,0,0
Time = 1.2
0,0,0,0,0,0,0,0,0,0,0,
0,-2.50535e+95,4.76545e+95,-6.55909e+95,7.71068e+95,-8.1075e+95,7.7107e+95,-6.55912e+95,4.76548e+95,-2.50536e+95,0,
0,4.76544e+95,-9.06442e+95,1.24761e+96,-1.46666e+96,1.54214e+96,-1.46666e+96,1.24762e+96,-9.06447e+95,4.76548e+95,0,
0,-6.55906e+95,1.24761e+96,-1.71719e+96,2.01867e+96,-2.12256e+96,2.01868e+96,-1.71719e+96,1.24761e+96,-6.5591e+95,0,
0,7.71061e+95,-1.46665e+96,2.01867e+96,-2.37309e+96,2.49521e+96,-2.37309e+96,2.01868e+96,-1.46665e+96,7.71066e+95,0,
0,-8.10739e+95,1.54212e+96,-2.12255e+96,2.4952e+96,-2.62362e+96,2.49521e+96,-2.12255e+96,1.54213e+96,-8.10745e+95,0,
0,7.71056e+95,-1.46664e+96,2.01865e+96,-2.37307e+96,2.4952e+96,-2.37308e+96,2.01866e+96,-1.46665e+96,7.71062e+95,0,
0,-6.55898e+95,1.24759e+96,-1.71717e+96,2.01865e+96,-2.12254e+96,2.01866e+96,-1.71717e+96,1.2476e+96,-6.55902e+95,0,
0,4.76537e+95,-9.06427e+95,1.24759e+96,-1.46663e+96,1.54211e+96,-1.46664e+96,1.2476e+96,-9.06432e+95,4.7654e+95,0,
0,-2.5053e+95,4.76536e+95,-6.55896e+95,7.71053e+95,-8.10734e+95,7.71055e+95,-6.55899e+95,4.76539e+95,-2.50532e+95,0,
0,0,0,0,0,0,0,0,0,0,0
Time = 1.8
0,0,0,0,0,0,0,0,0,0,0,
0,-1.03172e+152,1.96244e+152,-2.70107e+152,3.1753e+152,-3.33871e+152,3.1753e+152,-2.70107e+152,1.96244e+152,-1.03172e+152,0,
0,1.96244e+152,-3.73279e+152,5.13774e+152,-6.03978e+152,6.3506e+152,-6.03978e+152,5.13774e+152,-3.73279e+152,1.96244e+152,0,
0,-2.70107e+152,5.13774e+152,-7.0715e+152,8.31304e+152,-8.74085e+152,8.31304e+152,-7.0715e+152,5.13774e+152,-2.70107e+152,0,
0,3.1753e+152,-6.03978e+152,8.31304e+152,-9.77257e+152,1.02755e+153,-9.77257e+152,8.31304e+152,-6.03978e+152,3.1753e+152,0,
0,-3.33871e+152,6.3506e+152,-8.74085e+152,1.02755e+153,-1.08043e+153,1.02755e+153,-8.74085e+152,6.3506e+152,-3.33871e+152,0,
0,3.1753e+152,-6.03978e+152,8.31304e+152,-9.77257e+152,1.02755e+153,-9.77257e+152,8.31304e+152,-6.03978e+152,3.1753e+152,0,
0,-2.70107e+152,5.13774e+152,-7.0715e+152,8.31304e+152,-8.74085e+152,8.31304e+152,-7.0715e+152,5.13774e+152,-2.70107e+152,0,
0,1.96244e+152,-3.73279e+152,5.13774e+152,-6.03978e+152,6.3506e+152,-6.03978e+152,5.13774e+152,-3.73279e+152,1.96244e+152,0,
0,-1.03172e+152,1.96244e+152,-2.70107e+152,3.1753e+152,-3.33871e+152,3.1753e+152,-2.70107e+152,1.96244e+152,-1.03172e+152,0,
0,0,0,0,0,0,0,0,0,0,0
Time = 2.4
0,0,0,0,0,0,0,0,0,0,0,
0,-4.24871e+208,8.08152e+208,-1.11233e+209,1.30762e+209,-1.37491e+209,1.30762e+209,-1.11233e+209,8.08152e+208,-4.24871e+208,0,
0,8.08152e+208,-1.5372e+209,2.11577e+209,-2.48724e+209,2.61523e+209,-2.48724e+209,2.11577e+209,-1.5372e+209,8.08152e+208,0,
0,-1.11233e+209,2.11577e+209,-2.91211e+209,3.42339e+209,-3.59956e+209,3.42339e+209,-2.91211e+209,2.11577e+209,-1.11233e+209,0,
0,1.30762e+209,-2.48724e+209,3.42339e+209,-4.02443e+209,4.23154e+209,-4.02443e+209,3.42339e+209,-2.48724e+209,1.30762e+209,0,
0,-1.37491e+209,2.61523e+209,-3.59956e+209,4.23154e+209,-4.4493e+209,4.23154e+209,-3.59956e+209,2.61523e+209,-1.37491e+209,0,
0,1.30762e+209,-2.48724e+209,3.42339e+209,-4.02443e+209,4.23154e+209,-4.02443e+209,3.42339e+209,-2.48724e+209,1.30762e+209,0,
0,-1.11233e+209,2.11577e+209,-2.91211e+209,3.42339e+209,-3.59956e+209,3.42339e+209,-2.91211e+209,2.11577e+209,-1.11233e+209,0,
0,8.08152e+208,-1.5372e+209,2.11577e+209,-2.48724e+209,2.61523e+209,-2.48724e+209,2.11577e+209,-1.5372e+209,8.08152e+208,0,
0,-4.24871e+208,8.08152e+208,-1.11233e+209,1.30762e+209,-1.37491e+209,1.30762e+209,-1.11233e+209,8.08152e+208,-4.24871e+208,0,
0,0,0,0,0,0,0,0,0,0,0
Time = 3
0,0,0,0,0,0,0,0,0,0,0,
0,-1.74966e+265,3.32804e+265,-4.58066e+265,5.38489e+265,-5.662e+265,5.38489e+265,-4.58066e+265,3.32804e+265,-1.74966e+265,0,
0,3.32804e+265,-6.33031e+265,8.71293e+265,-1.02427e+266,1.07698e+266,-1.02427e+266,8.71293e+265,-6.33031e+265,3.32804e+265,0,
0,-4.58066e+265,8.71293e+265,-1.19923e+266,1.40978e+266,-1.48233e+266,1.40978e+266,-1.19923e+266,8.71293e+265,-4.58066e+265,0,
0,5.38489e+265,-1.02427e+266,1.40978e+266,-1.6573e+266,1.74259e+266,-1.6573e+266,1.40978e+266,-1.02427e+266,5.38489e+265,0,
0,-5.662e+265,1.07698e+266,-1.48233e+266,1.74259e+266,-1.83226e+266,1.74259e+266,-1.48233e+266,1.07698e+266,-5.662e+265,0,
0,5.38489e+265,-1.02427e+266,1.40978e+266,-1.6573e+266,1.74259e+266,-1.6573e+266,1.40978e+266,-1.02427e+266,5.38489e+265,0,
0,-4.58066e+265,8.71293e+265,-1.19923e+266,1.40978e+266,-1.48233e+266,1.40978e+266,-1.19923e+266,8.71293e+265,-4.58066e+265,0,
0,3.32804e+265,-6.33031e+265,8.71293e+265,-1.02427e+266,1.07698e+266,-1.02427e+266,8.71293e+265,-6.33031e+265,3.32804e+265,0,
0,-1.74966e+265,3.32804e+265,-4.58066e+265,5.38489e+265,-5.662e+265,5.38489e+265,-4.58066e+265,3.32804e+265,-1.74966e+265,0,
0,0,0,0,0,0,0,0,0,0,0
Time = 3.6
0,0,0,0,0,0,0,0,0,0,0,
0,-nan,-nan,-nan,-nan,-nan,-nan,-nan,-nan,-nan,0,
0,-nan,-nan,-nan,-nan,-nan,-nan,-nan,-nan,-nan,0,
0,-nan,-nan,-nan,-nan,-nan,-nan,-nan,-nan,-nan,0,
0,-nan,-nan,-nan,-nan,-nan,-nan,-nan,-nan,-nan,0,
0,-nan,-nan,-nan,-nan,-nan,-nan,-nan,-nan,-nan,0,
0,-nan,-nan,-nan,-nan,-nan,-nan,-nan,-nan,-nan,0,
0,-nan,-nan,-nan,-nan,-nan,-nan,-nan,-nan,-nan,0,
0,-nan,-nan,-nan,-nan,-nan,-nan,-nan,-nan,-nan,0,
0,-nan,-nan,-nan,-nan,-nan,-nan,-nan,-nan,-nan,0,
0,0,0,0,0,0,0,0,0,0,0
Time = 4.2
0,0,0,0,0,0,0,0,0,0,0,
0,-nan,-nan,-nan,-nan,-nan,-nan,-nan,-nan,-nan,0,
0,-nan,-nan,-nan,-nan,-nan,-nan,-nan,-nan,-nan,0,
0,-nan,-nan,-nan,-nan,-nan,-nan,-nan,-nan,-nan,0,
0,-nan,-nan,-nan,-nan,-nan,-nan,-nan,-nan,-nan,0,
0,-nan,-nan,-nan,-nan,-nan,-nan,-nan,-nan,-nan,0,
0,-nan,-nan,-nan,-nan,-nan,-nan,-nan,-nan,-nan,0,
0,-nan,-nan,-nan,-nan,-nan,-nan,-nan,-nan,-nan,0,
0,-nan,-nan,-nan,-nan,-nan,-nan,-nan,-nan,-nan,0,
0,-nan,-nan,-nan,-nan,-nan,-nan,-nan,-nan,-nan,0,
0,0,0,0,0,0,0,0,0,0,0
Time = 4.8
0,0,0,0,0,0,0,0,0,0,0,
0,-nan,-nan,-nan,-nan,-nan,-nan,-nan,-nan,-nan,0,
0,-nan,-nan,-nan,-nan,-nan,-nan,-nan,-nan,-nan,0,
0,-nan,-nan,-nan,-nan,-nan,-nan,-nan,-nan,-nan,0,
0,-nan,-nan,-nan,-nan,-nan,-nan,-nan,-nan,-nan,0,
0,-nan,-nan,-nan,-nan,-nan,-nan,-nan,-nan,-nan,0,
0,-nan,-nan,-nan,-nan,-nan,-nan,-nan,-nan,-nan,0,
0,-nan,-nan,-nan,-nan,-nan,-nan,-nan,-nan,-nan,0,
0,-nan,-nan,-nan,-nan,-nan,-nan,-nan,-nan,-nan,0,
0,-nan,-nan,-nan,-nan,-nan,-nan,-nan,-nan,-nan,0,
0,0,0,0,0,0,0,0,0,0,0
Time = 5.4
0,0,0,0,0,0,0,0,0,0,0,
0,-nan,-nan,-nan,-nan,-nan,-nan,-nan,-nan,-nan,0,
0,-nan,-nan,-nan,-nan,-nan,-nan,-nan,-nan,-nan,0,
0,-nan,-nan,-nan,-nan,-nan,-nan,-nan,-nan,-nan,0,
0,-nan,-nan,-nan,-nan,-nan,-nan,-nan,-nan,-nan,0,
0,-nan,-nan,-nan,-nan,-nan,-nan,-nan,-nan,-nan,0,
0,-nan,-nan,-nan,-nan,-nan,-nan,-nan,-nan,-nan,0,
0,-nan,-nan,-nan,-nan,-nan,-nan,-nan,-nan,-nan,0,
0,-nan,-nan,-nan,-nan,-nan,-nan,-nan,-nan,-nan,0,
0,-nan,-nan,-nan,-nan,-nan,-nan,-nan,-nan,-nan,0,
0,0,0,0,0,0,0,0,0,0,0
Time = 6
0,0,0,0,0,0,0,0,0,0,0,
0,-nan,-nan,-nan,-nan,-nan,-nan,-nan,-nan,-nan,0,
0,-nan,-nan,-nan,-nan,-nan,-nan,-nan,-nan,-nan,0,
0,-nan,-nan,-nan,-nan,-nan,-nan,-nan,-nan,-nan,0,
0,-nan,-nan,-nan,-nan,-nan,-nan,-nan,-nan,-nan,0,
0,-nan,-nan,-nan,-nan,-nan,-nan,-nan,-nan,-nan,0,
0,-nan,-nan,-nan,-nan,-nan,-nan,-nan,-nan,-nan,0,
0,-nan,-nan,-nan,-nan,-nan,-nan,-nan,-nan,-nan,0,
0,-nan,-nan,-nan,-nan,-nan,-nan,-nan,-nan,-nan,0,
0,-nan,-nan,-nan,-nan,-nan,-nan,-nan,-nan,-nan,0,
0,0,0,0,0,0,0,0,0,0,0
