Time = 0.0004
0,0,0,0,0,0,0,0,0,0,0,
0,0.0155846,0.0309233,0.0457744,0.0599036,0.0730881,0.08512,0.0958094,0.104988,0.0827109,0,
0,0.0309233,0.061359,0.090827,0.118863,0.145024,0.168898,0.190108,0.20832,0.164117,0,
0,0.0457744,0.090827,0.134447,0.175947,0.214672,0.250012,0.281408,0.308367,0.242936,0,
0,0.0599036,0.118863,0.175947,0.230257,0.280935,0.327183,0.368271,0.403551,0.317923,0,
0,0.0730881,0.145024,0.214672,0.280935,0.342767,0.399194,0.449325,0.49237,0.387896,0,
0,0.08512,0.168898,0.250012,0.327183,0.399194,0.46491,0.523293,0.573425,0.451752,0,
0,0.0958094,0.190108,0.281408,0.368271,0.449325,0.523293,0.589009,0.645436,0.508483,0,
0,0.104988,0.20832,0.308367,0.403551,0.49237,0.573425,0.645436,0.707268,0.557196,0,
0,0.0827109,0.164117,0.242936,0.317923,0.387896,0.451752,0.508483,0.557196,0.381985,0,
0,0,0,0,0,0,0,0,0,0,0
Time = 0.004
0,0,0,0,0,0,0,0,0,0,0,
0,0.0145078,0.0287658,0.0424456,0.0549409,0.0649883,0.0702923,0.0677112,0.0545575,0.0307139,0,
0,0.0287658,0.0570363,0.0841599,0.108934,0.128853,0.139361,0.134225,0.108152,0.0608685,0,
0,0.0424456,0.0841599,0.124181,0.160731,0.190101,0.205552,0.19796,0.159406,0.0897435,0,
0,0.0549409,0.108934,0.160731,0.208013,0.245936,0.265869,0.255765,0.206024,0.115799,0,
0,0.0649883,0.128853,0.190101,0.245936,0.290693,0.313786,0.301945,0.242533,0.136571,0,
0,0.0702923,0.139361,0.205552,0.265869,0.313786,0.338789,0.324792,0.261461,0.146463,0,
0,0.0677112,0.134225,0.19796,0.255765,0.301945,0.324792,0.312097,0.24956,0.140586,0,
0,0.0545575,0.108152,0.159406,0.206024,0.242533,0.261461,0.24956,0.200761,0.112007,0,
0,0.0307139,0.0608685,0.0897435,0.115799,0.136571,0.146463,0.140586,0.112007,0.0631206,0,
0,0,0,0,0,0,0,0,0,0,0
Time = 0.008
0,0,0,0,0,0,0,0,0,0,0,
0,0.0125495,0.0245051,0.0351452,0.0435009,0.0484467,0.0487665,0.0436854,0.0330362,0.0178346,0,
0,0.0245051,0.0478569,0.0686104,0.0849445,0.0945344,0.0952138,0.085201,0.0644948,0.0347719,0,
0,0.0351452,0.0686104,0.0983847,0.121716,0.135522,0.13633,0.122108,0.0922869,0.0498257,0,
0,0.0435009,0.0849445,0.121716,0.150646,0.167514,0.168668,0.150794,0.114141,0.0614943,0,
0,0.0484467,0.0945344,0.135522,0.167514,0.18644,0.187347,0.167762,0.126663,0.068397,0,
0,0.0487665,0.0952138,0.13633,0.168668,0.187347,0.188565,0.168382,0.127447,0.0685992,0,
0,0.0436854,0.085201,0.122108,0.150794,0.167762,0.168382,0.150745,0.113693,0.0614047,0,
0,0.0330362,0.0644948,0.0922869,0.114141,0.126663,0.127447,0.113693,0.0860499,0.0462806,0,
0,0.0178346,0.0347719,0.0498257,0.0614943,0.068397,0.0685992,0.0614047,0.0462806,0.0249989,0,
0,0,0,0,0,0,0,0,0,0,0
Time = 0.012
0,0,0,0,0,0,0,0,0,0,0,
0,0.00922312,0.0177552,0.024923,0.0299936,0.0323942,0.0315976,0.0275267,0.0203507,0.0108324,0,
0,0.0177552,0.0342088,0.0479714,0.0577893,0.0623368,0.0608812,0.0529576,0.0392118,0.020837,0,
0,0.024923,0.0479714,0.0673361,0.081017,0.0874978,0.0853243,0.0743308,0.054941,0.0292462,0,
0,0.0299936,0.0577893,0.081017,0.0975928,0.105237,0.102775,0.0893692,0.0661745,0.0351557,0,
0,0.0323942,0.0623368,0.0874978,0.105237,0.113647,0.11078,0.0965052,0.071306,0.0379614,0,
0,0.0315976,0.0608812,0.0853243,0.102775,0.11078,0.108183,0.0940338,0.0696313,0.0369806,0,
0,0.0275267,0.0529576,0.0743308,0.0893692,0.0965052,0.0940338,0.0819159,0.0605055,0.0322147,0,
0,0.0203507,0.0392118,0.054941,0.0661745,0.071306,0.0696313,0.0605055,0.0448053,0.0237899,0,
0,0.0108324,0.020837,0.0292462,0.0351557,0.0379614,0.0369806,0.0322147,0.0237899,0.0126671,0,
0,0,0,0,0,0,0,0,0,0,0
Time = 0.016
0,0,0,0,0,0,0,0,0,0,0,
0,0.00610564,0.0116713,0.0162156,0.0192576,0.0205079,0.0197218,0.0169695,0.0124223,0.00657156,0,
0,0.0116713,0.0223401,0.0309952,0.0368624,0.0391958,0.0377525,0.0324298,0.0237803,0.0125579,0,
0,0.0162156,0.0309952,0.0430642,0.0511386,0.0544593,0.052367,0.0450596,0.0329827,0.0174489,0,
0,0.0192576,0.0368624,0.0511386,0.0608197,0.0646618,0.0622817,0.0534944,0.0392279,0.0207136,0,
0,0.0205079,0.0391958,0.0544593,0.0646618,0.0688615,0.0662066,0.0569695,0.0416953,0.0220594,0,
0,0.0197218,0.0377525,0.052367,0.0622817,0.0662066,0.0637707,0.0547656,0.0401618,0.0212042,0,
0,0.0169695,0.0324298,0.0450596,0.0534944,0.0569695,0.0547656,0.047126,0.0344867,0.0182466,0,
0,0.0124223,0.0237803,0.0329827,0.0392279,0.0416953,0.0401618,0.0344867,0.0252913,0.0133518,0,
0,0.00657156,0.0125579,0.0174489,0.0207136,0.0220594,0.0212042,0.0182466,0.0133518,0.00706457,0,
0,0,0,0,0,0,0,0,0,0,0
Time = 0.02
0,0,0,0,0,0,0,0,0,0,0,
0,0.00384893,0.00733401,0.0101424,0.0119728,0.0126686,0.0121042,0.010356,0.00754664,0.00398088,0,
0,0.00733401,0.0139967,0.0193256,0.0228503,0.0241379,0.0231017,0.0197308,0.0144036,0.00758442,0,
0,0.0101424,0.0193256,0.0267264,0.0315486,0.0333824,0.0318943,0.027288,0.0198848,0.0104895,0,
0,0.0119728,0.0228503,0.0315486,0.0373032,0.0394036,0.0377127,0.0322084,0.0235128,0.0123806,0,
0,0.0126686,0.0241379,0.0333824,0.0394036,0.0416948,0.0398341,0.0340818,0.0248344,0.0131009,0,
0,0.0121042,0.0231017,0.0318943,0.0377127,0.0398341,0.0381254,0.0325592,0.0237695,0.0125152,0,
0,0.010356,0.0197308,0.027288,0.0322084,0.0340818,0.0325592,0.0278581,0.0202984,0.0107083,0,
0,0.00754664,0.0144036,0.0198848,0.0235128,0.0248344,0.0237695,0.0202984,0.014819,0.00780221,0,
0,0.00398088,0.00758442,0.0104895,0.0123806,0.0131009,0.0125152,0.0107083,0.00780221,0.00411609,0,
0,0,0,0,0,0,0,0,0,0,0
Time = 0.024
0,0,0,0,0,0,0,0,0,0,0,
0,0.00237344,0.00451599,0.00623225,0.00733684,0.00774049,0.00737371,0.00629215,0.00457564,0.00241046,0,
0,0.00451599,0.00860718,0.0118581,0.0139837,0.0147276,0.0140542,0.0119716,0.00872122,0.00458617,0,
0,0.00623225,0.0118581,0.0163648,0.019265,0.0203251,0.0193617,0.0165219,0.0120146,0.00632937,0,
0,0.00733684,0.0139837,0.019265,0.0227186,0.0239267,0.0228329,0.0194492,0.0141687,0.0074507,0,
0,0.00774049,0.0147276,0.0203251,0.0239267,0.0252436,0.0240466,0.0205199,0.0149216,0.00786093,0,
0,0.00737371,0.0140542,0.0193617,0.0228329,0.0240466,0.0229477,0.0195465,0.0142398,0.00748795,0,
0,0.00629215,0.0119716,0.0165219,0.0194492,0.0205199,0.0195465,0.0166801,0.0121291,0.0063899,0,
0,0.00457564,0.00872122,0.0120146,0.0141687,0.0149216,0.0142398,0.0121291,0.00883627,0.00464644,0,
0,0.00241046,0.00458617,0.00632937,0.0074507,0.00786093,0.00748795,0.0063899,0.00464644,0.00244787,0,
0,0,0,0,0,0,0,0,0,0,0
Time = 0.028
0,0,0,0,0,0,0,0,0,0,0,
0,0.00144906,0.00275534,0.00379886,0.00446657,0.00470599,0.00447688,0.0038156,0.00277201,0.00145941,0,
0,0.00275534,0.00524834,0.00722339,0.00850791,0.0089482,0.0085276,0.0072551,0.00528019,0.00277495,0,
0,0.00379886,0.00722339,0.0099591,0.0117095,0.0123372,0.0117365,0.010003,0.00726706,0.00382597,0,
0,0.00446657,0.00850791,0.0117095,0.0137919,0.0145055,0.0138238,0.0117609,0.00855951,0.00449833,0,
0,0.00470599,0.0089482,0.0123372,0.0145055,0.0152832,0.0145389,0.0123915,0.00900226,0.00473955,0,
0,0.00447688,0.0085276,0.0117365,0.0138238,0.0145389,0.0138557,0.011788,0.00857927,0.00450868,0,
0,0.0038156,0.0072551,0.010003,0.0117609,0.0123915,0.011788,0.0100469,0.0072989,0.00384278,0,
0,0.00277201,0.00528019,0.00726706,0.00855951,0.00900226,0.00857927,0.0072989,0.00531216,0.00279169,0,
0,0.00145941,0.00277495,0.00382597,0.00449833,0.00473955,0.00450868,0.00384278,0.00279169,0.0014698,0,
0,0,0,0,0,0,0,0,0,0,0
Time = 0.032
0,0,0,0,0,0,0,0,0,0,0,
0,0.000880686,0.0016741,0.00230711,0.00271107,0.00285463,0.00271394,0.00231178,0.00167875,0.000883572,0,
0,0.0016741,0.00318791,0.00438557,0.00516259,0.00542633,0.00516808,0.00439442,0.00319679,0.00167956,0,
0,0.00230711,0.00438557,0.00604387,0.00710209,0.00747819,0.00710962,0.0060561,0.00439775,0.00231467,0,
0,0.00271107,0.00516259,0.00710209,0.00836043,0.00878752,0.00836932,0.00711641,0.00517697,0.00271992,0,
0,0.00285463,0.00542633,0.00747819,0.00878752,0.0092529,0.00879683,0.00749332,0.00544139,0.00286398,0,
0,0.00271394,0.00516808,0.00710962,0.00836932,0.00879683,0.00837822,0.00712395,0.00518247,0.0027228,0,
0,0.00231178,0.00439442,0.0060561,0.00711641,0.00749332,0.00712395,0.00606834,0.00440661,0.00231935,0,
0,0.00167875,0.00319679,0.00439775,0.00517697,0.00544139,0.00518247,0.00440661,0.00320569,0.00168422,0,
0,0.000883572,0.00167956,0.00231467,0.00271992,0.00286398,0.0027228,0.00231935,0.00168422,0.000886464,0,
0,0,0,0,0,0,0,0,0,0,0
Time = 0.036
0,0,0,0,0,0,0,0,0,0,0,
0,0.000534136,0.0010152,0.00139879,0.00164328,0.0017298,0.00164408,0.00140009,0.0010165,0.000534941,0,
0,0.0010152,0.00193296,0.00265859,0.00312883,0.00328772,0.00313036,0.00266105,0.00193543,0.00101672,0,
0,0.00139879,0.00265859,0.00366313,0.00430338,0.00452998,0.00430548,0.00366654,0.00266198,0.0014009,0,
0,0.00164328,0.00312883,0.00430338,0.00506456,0.00532174,0.00506703,0.00430737,0.00313284,0.00164574,0,
0,0.0017298,0.00328772,0.00452998,0.00532174,0.00560197,0.00532433,0.0045342,0.00329192,0.00173241,0,
0,0.00164408,0.00313036,0.00430548,0.00506703,0.00532433,0.00506951,0.00430947,0.00313437,0.00164654,0,
0,0.00140009,0.00266105,0.00366654,0.00430737,0.0045342,0.00430947,0.00366995,0.00266445,0.0014022,0,
0,0.0010165,0.00193543,0.00266198,0.00313284,0.00329192,0.00313437,0.00266445,0.00193791,0.00101802,0,
0,0.000534941,0.00101672,0.0014009,0.00164574,0.00173241,0.00164654,0.0014022,0.00101802,0.000535746,0,
0,0,0,0,0,0,0,0,0,0,0
Time = 0.04
0,0,0,0,0,0,0,0,0,0,0,
0,0.000323644,0.000615092,0.000847424,0.000995421,0.0010477,0.000995644,0.000847787,0.000615453,0.000323869,0,
0,0.000615092,0.00117108,0.00161054,0.00189519,0.00199117,0.00189562,0.00161123,0.00117177,0.000615517,0,
0,0.000847424,0.00161054,0.00221888,0.00260639,0.00274327,0.00260697,0.00221983,0.00161149,0.000848011,0,
0,0.000995421,0.00189519,0.00260639,0.00306704,0.00322236,0.00306773,0.0026075,0.00189631,0.000996108,0,
0,0.0010477,0.00199117,0.00274327,0.00322236,0.0033916,0.00322308,0.00274445,0.00199234,0.00104842,0,
0,0.000995644,0.00189562,0.00260697,0.00306773,0.00322308,0.00306842,0.00260809,0.00189673,0.000996331,0,
0,0.000847787,0.00161123,0.00221983,0.0026075,0.00274445,0.00260809,0.00222078,0.00161218,0.000848374,0,
0,0.000615453,0.00117177,0.00161149,0.00189631,0.00199234,0.00189673,0.00161218,0.00117246,0.000615878,0,
0,0.000323869,0.000615517,0.000848011,0.000996108,0.00104842,0.000996331,0.000848374,0.000615878,0.000324093,0,
0,0,0,0,0,0,0,0,0,0,0
