Time = 0.0025
0,0,0,0,0,0,0,0,0,0,0,
0,0.0908178,0.172746,0.237764,0.279508,0.293893,0.279508,0.237764,0.172746,0.0908178,0,
0,0.172746,0.328582,0.452254,0.531657,0.559017,0.531657,0.452254,0.328582,0.172746,0,
0,0.237764,0.452254,0.622475,0.731763,0.769421,0.731763,0.622475,0.452254,0.237764,0,
0,0.279508,0.531657,0.731763,0.860239,0.904508,0.860239,0.731763,0.531657,0.279508,0,
0,0.293893,0.559017,0.769421,0.904508,0.951057,0.904508,0.769421,0.559017,0.293893,0,
0,0.279508,0.531657,0.731763,0.860239,0.904508,0.860239,0.731763,0.531657,0.279508,0,
0,0.237764,0.452254,0.622475,0.731763,0.769421,0.731763,0.622475,0.452254,0.237764,0,
0,0.172746,0.328582,0.452254,0.531657,0.559017,0.531657,0.452254,0.328582,0.172746,0,
0,0.0908178,0.172746,0.237764,0.279508,0.293893,0.279508,0.237764,0.172746,0.0908178,0,
0,0,0,0,0,0,0,0,0,0,0
Time = 0.025
0,0,0,0,0,0,0,0,0,0,0,
0,0.0578133,0.109967,0.151357,0.177931,0.187088,0.177931,0.151357,0.109967,0.0578133,0,
0,0.109967,0.209171,0.287899,0.338445,0.355862,0.338445,0.287899,0.209171,0.109967,0,
0,0.151357,0.287899,0.396258,0.46583,0.489802,0.46583,0.396258,0.287899,0.151357,0,
0,0.177931,0.338445,0.46583,0.547616,0.575797,0.547616,0.46583,0.338445,0.177931,0,
0,0.187088,0.355862,0.489802,0.575797,0.605429,0.575797,0.489802,0.355862,0.187088,0,
0,0.177931,0.338445,0.46583,0.547616,0.575797,0.547616,0.46583,0.338445,0.177931,0,
0,0.151357,0.287899,0.396258,0.46583,0.489802,0.46583,0.396258,0.287899,0.151357,0,
0,0.109967,0.209171,0.287899,0.338445,0.355862,0.338445,0.287899,0.209171,0.109967,0,
0,0.0578133,0.109967,0.151357,0.177931,0.187088,0.177931,0.151357,0.109967,0.0578133,0,
0,0,0,0,0,0,0,0,0,0,0
Time = 0.05
0,0,0,0,0,0,0,0,0,0,0,
0,0.0350019,0.0665775,0.0916361,0.107725,0.113268,0.107725,0.0916361,0.0665775,0.0350019,0,
0,0.0665775,0.126638,0.174302,0.204905,0.215449,0.204905,0.174302,0.126638,0.0665775,0,
0,0.0916361,0.174302,0.239906,0.282027,0.296541,0.282027,0.239906,0.174302,0.0916361,0,
0,0.107725,0.204905,0.282027,0.331542,0.348604,0.331542,0.282027,0.204905,0.107725,0,
0,0.113268,0.215449,0.296541,0.348604,0.366544,0.348604,0.296541,0.215449,0.113268,0,
0,0.107725,0.204905,0.282027,0.331542,0.348604,0.331542,0.282027,0.204905,0.107725,0,
0,0.0916361,0.174302,0.239906,0.282027,0.296541,0.282027,0.239906,0.174302,0.0916361,0,
0,0.0665775,0.126638,0.174302,0.204905,0.215449,0.204905,0.174302,0.126638,0.0665775,0,
0,0.0350019,0.0665775,0.0916361,0.107725,0.113268,0.107725,0.0916361,0.0665775,0.0350019,0,
0,0,0,0,0,0,0,0,0,0,0
Time = 0.075
0,0,0,0,0,0,0,0,0,0,0,
0,0.0211911,0.040308,0.0554791,0.0652196,0.068576,0.0652196,0.0554791,0.040308,0.0211911,0,
0,0.040308,0.0766703,0.105528,0.124055,0.130439,0.124055,0.105528,0.0766703,0.040308,0,
0,0.0554791,0.105528,0.145246,0.170747,0.179534,0.170747,0.145246,0.105528,0.0554791,0,
0,0.0652196,0.124055,0.170747,0.200725,0.211055,0.200725,0.170747,0.124055,0.0652196,0,
0,0.068576,0.130439,0.179534,0.211055,0.221917,0.211055,0.179534,0.130439,0.068576,0,
0,0.0652196,0.124055,0.170747,0.200725,0.211055,0.200725,0.170747,0.124055,0.0652196,0,
0,0.0554791,0.105528,0.145246,0.170747,0.179534,0.170747,0.145246,0.105528,0.0554791,0,
0,0.040308,0.0766703,0.105528,0.124055,0.130439,0.124055,0.105528,0.0766703,0.040308,0,
0,0.0211911,0.040308,0.0554791,0.0652196,0.068576,0.0652196,0.0554791,0.040308,0.0211911,0,
0,0,0,0,0,0,0,0,0,0,0
Time = 0.1
0,0,0,0,0,0,0,0,0,0,0,
0,0.0128297,0.0244036,0.0335887,0.0394859,0.0415179,0.0394859,0.0335887,0.0244036,0.0128297,0,
0,0.0244036,0.0464184,0.0638895,0.0751066,0.0789717,0.0751066,0.0638895,0.0464184,0.0244036,0,
0,0.0335887,0.0638895,0.0879363,0.103375,0.108695,0.103375,0.0879363,0.0638895,0.0335887,0,
0,0.0394859,0.0751066,0.103375,0.121525,0.127779,0.121525,0.103375,0.0751066,0.0394859,0,
0,0.0415179,0.0789717,0.108695,0.127779,0.134355,0.127779,0.108695,0.0789717,0.0415179,0,
0,0.0394859,0.0751066,0.103375,0.121525,0.127779,0.121525,0.103375,0.0751066,0.0394859,0,
0,0.0335887,0.0638895,0.0879363,0.103375,0.108695,0.103375,0.0879363,0.0638895,0.0335887,0,
0,0.0244036,0.0464184,0.0638895,0.0751066,0.0789717,0.0751066,0.0638895,0.0464184,0.0244036,0,
0,0.0128297,0.0244036,0.0335887,0.0394859,0.0415179,0.0394859,0.0335887,0.0244036,0.0128297,0,
0,0,0,0,0,0,0,0,0,0,0
Time = 0.125
0,0,0,0,0,0,0,0,0,0,0,
0,0.0077675,0.0147747,0.0203356,0.0239059,0.0251361,0.0239059,0.0203356,0.0147747,0.0077675,0,
0,0.0147747,0.0281031,0.0386805,0.0454717,0.0478118,0.0454717,0.0386805,0.0281031,0.0147747,0,
0,0.0203356,0.0386805,0.0532392,0.0625864,0.0658073,0.0625864,0.0532392,0.0386805,0.0203356,0,
0,0.0239059,0.0454717,0.0625864,0.0735748,0.0773611,0.0735748,0.0625864,0.0454717,0.0239059,0,
0,0.0251361,0.0478118,0.0658073,0.0773611,0.0813423,0.0773611,0.0658073,0.0478118,0.0251361,0,
0,0.0239059,0.0454717,0.0625864,0.0735748,0.0773611,0.0735748,0.0625864,0.0454717,0.0239059,0,
0,0.0203356,0.0386805,0.0532392,0.0625864,0.0658073,0.0625864,0.0532392,0.0386805,0.0203356,0,
0,0.0147747,0.0281031,0.0386805,0.0454717,0.0478118,0.0454717,0.0386805,0.0281031,0.0147747,0,
0,0.0077675,0.0147747,0.0203356,0.0239059,0.0251361,0.0239059,0.0203356,0.0147747,0.0077675,0,
0,0,0,0,0,0,0,0,0,0,0
Time = 0.15
0,0,0,0,0,0,0,0,0,0,0,
0,0.00470267,0.008945,0.0123117,0.0144733,0.0152182,0.0144733,0.0123117,0.008945,0.00470267,0,
0,0.008945,0.0170144,0.0234183,0.0275299,0.0289466,0.0275299,0.0234183,0.0170144,0.008945,0,
0,0.0123117,0.0234183,0.0322326,0.0378916,0.0398416,0.0378916,0.0322326,0.0234183,0.0123117,0,
0,0.0144733,0.0275299,0.0378916,0.0445443,0.0468367,0.0445443,0.0378916,0.0275299,0.0144733,0,
0,0.0152182,0.0289466,0.0398416,0.0468367,0.049247,0.0468367,0.0398416,0.0289466,0.0152182,0,
0,0.0144733,0.0275299,0.0378916,0.0445443,0.0468367,0.0445443,0.0378916,0.0275299,0.0144733,0,
0,0.0123117,0.0234183,0.0322326,0.0378916,0.0398416,0.0378916,0.0322326,0.0234183,0.0123117,0,
0,0.008945,0.0170144,0.0234183,0.0275299,0.0289466,0.0275299,0.0234183,0.0170144,0.008945,0,
0,0.00470267,0.008945,0.0123117,0.0144733,0.0152182,0.0144733,0.0123117,0.008945,0.00470267,0,
0,0,0,0,0,0,0,0,0,0,0
Time = 0.175
0,0,0,0,0,0,0,0,0,0,0,
0,0.00284713,0.00541557,0.00745389,0.00876257,0.00921351,0.00876257,0.00745389,0.00541557,0.00284713,0,
0,0.00541557,0.010301,0.0141781,0.0166674,0.0175251,0.0166674,0.0141781,0.010301,0.00541557,0,
0,0.00745389,0.0141781,0.0195145,0.0229407,0.0241213,0.0229407,0.0195145,0.0141781,0.00745389,0,
0,0.00876257,0.0166674,0.0229407,0.0269684,0.0283563,0.0269684,0.0229407,0.0166674,0.00876257,0,
0,0.00921351,0.0175251,0.0241213,0.0283563,0.0298155,0.0283563,0.0241213,0.0175251,0.00921351,0,
0,0.00876257,0.0166674,0.0229407,0.0269684,0.0283563,0.0269684,0.0229407,0.0166674,0.00876257,0,
0,0.00745389,0.0141781,0.0195145,0.0229407,0.0241213,0.0229407,0.0195145,0.0141781,0.00745389,0,
0,0.00541557,0.010301,0.0141781,0.0166674,0.0175251,0.0166674,0.0141781,0.010301,0.00541557,0,
0,0.00284713,0.00541557,0.00745389,0.00876257,0.00921351,0.00876257,0.00745389,0.00541557,0.00284713,0,
0,0,0,0,0,0,0,0,0,0,0
Time = 0.2
0,0,0,0,0,0,0,0,0,0,0,
0,0.00172374,0.00327874,0.0045128,0.00530511,0.00557813,0.00530511,0.0045128,0.00327874,0.00172374,0,
0,0.00327874,0.00623654,0.00858386,0.0100909,0.0106102,0.0100909,0.00858386,0.00623654,0.00327874,0,
0,0.0045128,0.00858386,0.0118147,0.013889,0.0146037,0.013889,0.0118147,0.00858386,0.0045128,0,
0,0.00530511,0.0100909,0.013889,0.0163275,0.0171677,0.0163275,0.013889,0.0100909,0.00530511,0,
0,0.00557813,0.0106102,0.0146037,0.0171677,0.0180512,0.0171677,0.0146037,0.0106102,0.00557813,0,
0,0.00530511,0.0100909,0.013889,0.0163275,0.0171677,0.0163275,0.013889,0.0100909,0.00530511,0,
0,0.0045128,0.00858386,0.0118147,0.013889,0.0146037,0.013889,0.0118147,0.00858386,0.0045128,0,
0,0.00327874,0.00623654,0.00858386,0.0100909,0.0106102,0.0100909,0.00858386,0.00623654,0.00327874,0,
0,0.00172374,0.00327874,0.0045128,0.00530511,0.00557813,0.00530511,0.0045128,0.00327874,0.00172374,0,
0,0,0,0,0,0,0,0,0,0,0
Time = 0.225
0,0,0,0,0,0,0,0,0,0,0,
0,0.0010436,0.00198504,0.00273218,0.00321187,0.00337716,0.00321187,0.00273218,0.00198504,0.0010436,0,
0,0.00198504,0.00377578,0.00519692,0.00610934,0.00642374,0.00610934,0.00519692,0.00377578,0.00198504,0,
0,0.00273218,0.00519692,0.00715294,0.00840879,0.00884152,0.00840879,0.00715294,0.00519692,0.00273218,0,
0,0.00321187,0.00610934,0.00840879,0.00988512,0.0103938,0.00988512,0.00840879,0.00610934,0.00321187,0,
0,0.00337716,0.00642374,0.00884152,0.0103938,0.0109287,0.0103938,0.00884152,0.00642374,0.00337716,0,
0,0.00321187,0.00610934,0.00840879,0.00988512,0.0103938,0.00988512,0.00840879,0.00610934,0.00321187,0,
0,0.00273218,0.00519692,0.00715294,0.00840879,0.00884152,0.00840879,0.00715294,0.00519692,0.00273218,0,
0,0.00198504,0.00377578,0.00519692,0.00610934,0.00642374,0.00610934,0.00519692,0.00377578,0.00198504,0,
0,0.0010436,0.00198504,0.00273218,0.00321187,0.00337716,0.00321187,0.00273218,0.00198504,0.0010436,0,
0,0,0,0,0,0,0,0,0,0,0
Time = 0.25
0,0,0,0,0,0,0,0,0,0,0,
0,0.000631826,0.0012018,0.00165414,0.00194456,0.00204463,0.00194456,0.00165414,0.0012018,0.000631826,0,
0,0.0012018,0.00228597,0.00314636,0.00369877,0.00388912,0.00369877,0.00314636,0.00228597,0.0012018,0,
0,0.00165414,0.00314636,0.0043306,0.00509092,0.00535291,0.00509092,0.0043306,0.00314636,0.00165414,0,
0,0.00194456,0.00369877,0.00509092,0.00598474,0.00629273,0.00598474,0.00509092,0.00369877,0.00194456,0,
0,0.00204463,0.00388912,0.00535291,0.00629273,0.00661656,0.00629273,0.00535291,0.00388912,0.00204463,0,
0,0.00194456,0.00369877,0.00509092,0.00598474,0.00629273,0.00598474,0.00509092,0.00369877,0.00194456,0,
0,0.00165414,0.00314636,0.0043306,0.00509092,0.00535291,0.00509092,0.0043306,0.00314636,0.00165414,0,
0,0.0012018,0.00228597,0.00314636,0.00369877,0.00388912,0.00369877,0.00314636,0.00228597,0.0012018,0,
0,0.000631826,0.0012018,0.00165414,0.00194456,0.00204463,0.00194456,0.00165414,0.0012018,0.000631826,0,
0,0,0,0,0,0,0,0,0,0,0
