Time = 0.0001
0,0,0,0,0,0,0,0,0,0,0,
0,0.00786974,0.0157084,0.0234851,0.0311691,0.0387301,0.0461382,0.0533643,0.0603797,0.0487032,0,
0,0.0157084,0.0313548,0.0468775,0.0622152,0.0773073,0.0920944,0.106518,0.120521,0.0972143,0,
0,0.0234851,0.0468775,0.0700849,0.0930158,0.11558,0.137687,0.159251,0.180187,0.145342,0,
0,0.0311691,0.0622152,0.0930158,0.123449,0.153396,0.182736,0.211356,0.239142,0.192895,0,
0,0.0387301,0.0773073,0.11558,0.153396,0.190606,0.227065,0.262627,0.297153,0.239688,0,
0,0.0461382,0.0920944,0.137687,0.182736,0.227065,0.270497,0.312861,0.353991,0.285534,0,
0,0.0533643,0.106518,0.159251,0.211356,0.262627,0.312861,0.361861,0.409432,0.330254,0,
0,0.0603797,0.120521,0.180187,0.239142,0.297153,0.353991,0.409432,0.463257,0.37367,0,
0,0.0487032,0.0972143,0.145342,0.192895,0.239688,0.285534,0.330254,0.37367,0.258137,0,
0,0,0,0,0,0,0,0,0,0,0
Time = 0.001
0,0,0,0,0,0,0,0,0,0,0,
0,0.00772798,0.0154123,0.0229573,0.0300863,0.0360934,0.0395921,0.0386118,0.0314043,0.0177825,0,
0,0.0154123,0.0307374,0.0457847,0.0600017,0.0719796,0.0789507,0.0769819,0.0626131,0.0354415,0,
0,0.0229573,0.0457847,0.0681974,0.0893696,0.107196,0.117538,0.114595,0.093131,0.0527382,0,
0,0.0300863,0.0600017,0.0893696,0.117096,0.140387,0.153891,0.149826,0.12182,0.0688404,0,
0,0.0360934,0.0719796,0.107196,0.140387,0.168253,0.184088,0.179297,0.145262,0.0822835,0,
0,0.0395921,0.0789507,0.117538,0.153891,0.184088,0.201484,0.195328,0.158704,0.0893167,0,
0,0.0386118,0.0769819,0.114595,0.149826,0.179297,0.195328,0.189933,0.15305,0.0867446,0,
0,0.0314043,0.0626131,0.093131,0.12182,0.145262,0.158704,0.15305,0.124263,0.0696022,0,
0,0.0177825,0.0354415,0.0527382,0.0688404,0.0822835,0.0893167,0.0867446,0.0696022,0.039468,0,
0,0,0,0,0,0,0,0,0,0,0
Time = 0.002
0,0,0,0,0,0,0,0,0,0,0,
0,0.00701853,0.0137514,0.019825,0.0246902,0.0276808,0.0280343,0.0252507,0.0191696,0.0103764,0,
0,0.0137514,0.0269477,0.0388302,0.0483768,0.0541851,0.0549199,0.0493968,0.037549,0.0202905,0,
0,0.019825,0.0388302,0.0559686,0.0696596,0.0780737,0.0790073,0.0711502,0.0539747,0.0292201,0,
0,0.0246902,0.0483768,0.0696596,0.086752,0.0970653,0.0983458,0.088355,0.0671601,0.0362592,0,
0,0.0276808,0.0541851,0.0780737,0.0970653,0.108736,0.109885,0.0989304,0.0749542,0.0405871,0,
0,0.0280343,0.0549199,0.0790073,0.0983458,0.109885,0.111285,0.0998335,0.0758818,0.040921,0,
0,0.0252507,0.0493968,0.0711502,0.088355,0.0989304,0.0998335,0.0898565,0.067991,0.0368257,0,
0,0.0191696,0.037549,0.0539747,0.0671601,0.0749542,0.0758818,0.067991,0.0516775,0.027842,0,
0,0.0103764,0.0202905,0.0292201,0.0362592,0.0405871,0.040921,0.0368257,0.027842,0.0150823,0,
0,0,0,0,0,0,0,0,0,0,0
Time = 0.003
0,0,0,0,0,0,0,0,0,0,0,
0,0.00528485,0.0101874,0.0143343,0.0172952,0.0187377,0.0183248,0.0160066,0.0118534,0.00631843,0,
0,0.0101874,0.0196597,0.0276263,0.0333771,0.0361017,0.0353653,0.0308306,0.0228768,0.0121678,0,
0,0.0143343,0.0276263,0.0388711,0.0468866,0.0507945,0.0496594,0.0433769,0.0321131,0.0171192,0,
0,0.0172952,0.0333771,0.0468866,0.056643,0.0612408,0.0599886,0.0522749,0.0387905,0.0206255,0,
0,0.0187377,0.0361017,0.0507945,0.0612408,0.0663399,0.0648251,0.0566233,0.0419014,0.0223402,0,
0,0.0183248,0.0353653,0.0496594,0.0599886,0.0648251,0.0634959,0.0553038,0.0410404,0.0218133,0,
0,0.0160066,0.0308306,0.0433769,0.0522749,0.0566233,0.0553038,0.0483062,0.0357317,0.0190532,0,
0,0.0118534,0.0228768,0.0321131,0.0387905,0.0419014,0.0410404,0.0357317,0.0265174,0.0140899,0,
0,0.00631843,0.0121678,0.0171192,0.0206255,0.0223402,0.0218133,0.0190532,0.0140899,0.00751377,0,
0,0,0,0,0,0,0,0,0,0,0
Time = 0.004
0,0,0,0,0,0,0,0,0,0,0,
0,0.00353518,0.00676064,0.00940413,0.0111794,0.0119236,0.0114786,0.00989045,0.00724477,0.00383575,0,
0,0.00676064,0.0129515,0.0179829,0.0214176,0.0227979,0.0219921,0.0189081,0.013881,0.00733246,0,
0,0.00940413,0.0179829,0.025015,0.0297341,0.0317139,0.0305269,0.0263038,0.0192657,0.0102007,0,
0,0.0111794,0.0214176,0.0297341,0.035414,0.0376906,0.0363591,0.0312559,0.0229469,0.0121199,0,
0,0.0119236,0.0227979,0.0317139,0.0376906,0.0402011,0.0386895,0.0333384,0.0244142,0.0129276,0,
0,0.0114786,0.0219921,0.0305269,0.0363591,0.0386895,0.0373237,0.0320795,0.0235527,0.0124382,0,
0,0.00989045,0.0189081,0.0263038,0.0312559,0.0333384,0.0320795,0.0276435,0.0202407,0.0107184,0,
0,0.00724477,0.013881,0.0192657,0.0229469,0.0244142,0.0235527,0.0202407,0.0148613,0.00784735,0,
0,0.00383575,0.00733246,0.0102007,0.0121199,0.0129276,0.0124382,0.0107184,0.00784735,0.00415574,0,
0,0,0,0,0,0,0,0,0,0,0
Time = 0.005
0,0,0,0,0,0,0,0,0,0,0,
0,0.00223868,0.00426592,0.00590348,0.00697094,0.0073823,0.0070558,0.00604146,0.00440323,0.00232396,0,
0,0.00426592,0.00814563,0.011249,0.0133112,0.0140661,0.0134737,0.0115107,0.00840862,0.00442767,0,
0,0.00590348,0.011249,0.0155675,0.0183816,0.0194667,0.0186049,0.0159306,0.0116103,0.0061279,0,
0,0.00697094,0.0133112,0.0183816,0.0217518,0.0229843,0.0220167,0.0188081,0.0137397,0.0072345,0,
0,0.0073823,0.0140661,0.0194667,0.0229843,0.0243416,0.0232626,0.0199193,0.0145165,0.00766204,0,
0,0.0070558,0.0134737,0.0186049,0.0220167,0.0232626,0.0222839,0.0190351,0.0139061,0.00732165,0,
0,0.00604146,0.0115107,0.0159306,0.0188081,0.0199193,0.0190351,0.0162998,0.011878,0.00626966,0,
0,0.00440323,0.00840862,0.0116103,0.0137397,0.0145165,0.0139061,0.011878,0.00867771,0.00456868,0,
0,0.00232396,0.00442767,0.0061279,0.0072345,0.00766204,0.00732165,0.00626966,0.00456868,0.00241157,0,
0,0,0,0,0,0,0,0,0,0,0
Time = 0.006
0,0,0,0,0,0,0,0,0,0,0,
0,0.00138328,0.00263166,0.00363344,0.00427738,0.00451512,0.00430121,0.00367219,0.00267021,0.00140723,0,
0,0.00263166,0.0050177,0.00691244,0.00815566,0.0085896,0.00820125,0.00698583,0.00509145,0.00267702,0,
0,0.00363344,0.00691244,0.00954387,0.0112351,0.0118597,0.0112976,0.00964553,0.00701359,0.00369627,0,
0,0.00427738,0.00815566,0.0112351,0.013256,0.013961,0.01333,0.0113542,0.00827537,0.004351,0,
0,0.00451512,0.0085896,0.0118597,0.013961,0.0147373,0.0140385,0.0119858,0.00871507,0.00459306,0,
0,0.00430121,0.00820125,0.0112976,0.01333,0.0140385,0.0134042,0.0114172,0.00832141,0.0043751,0,
0,0.00367219,0.00698583,0.00964553,0.0113542,0.0119858,0.0114172,0.00974792,0.0070877,0.00373547,0,
0,0.00267021,0.00509145,0.00701359,0.00827537,0.00871507,0.00832141,0.0070877,0.00516594,0.00271601,0,
0,0.00140723,0.00267702,0.00369627,0.004351,0.00459306,0.0043751,0.00373547,0.00271601,0.00143145,0,
0,0,0,0,0,0,0,0,0,0,0
Time = 0.007
0,0,0,0,0,0,0,0,0,0,0,
0,0.000845313,0.00160701,0.0022164,0.00260558,0.00274632,0.00261224,0.00222723,0.00161778,0.000852006,0,
0,0.00160701,0.00306199,0.00421354,0.0049647,0.00522089,0.00497744,0.00423404,0.00308259,0.00161968,0,
0,0.0022164,0.00421354,0.00581139,0.00683177,0.00720081,0.00684922,0.00583977,0.00424178,0.00223394,0,
0,0.00260558,0.0049647,0.00683177,0.00804975,0.00846506,0.00807038,0.00686499,0.00499809,0.00262611,0,
0,0.00274632,0.00522089,0.00720081,0.00846506,0.0089224,0.00848666,0.00723595,0.00525585,0.00276803,0,
0,0.00261224,0.00497744,0.00684922,0.00807038,0.00848666,0.00809105,0.00688249,0.00501088,0.00263281,0,
0,0.00222723,0.00423404,0.00583977,0.00686499,0.00723595,0.00688249,0.00586824,0.00426237,0.00224483,0,
0,0.00161778,0.00308259,0.00424178,0.00499809,0.00525585,0.00501088,0.00426237,0.00310329,0.00163051,0,
0,0.000852006,0.00161968,0.00223394,0.00262611,0.00276803,0.00263281,0.00224483,0.00163051,0.000858733,0,
0,0,0,0,0,0,0,0,0,0,0
Time = 0.008
0,0,0,0,0,0,0,0,0,0,0,
0,0.000513965,0.000976763,0.00134651,0.00158194,0.00166625,0.0015838,0.00134953,0.00097977,0.000515833,0,
0,0.000976763,0.00186055,0.00255897,0.00301331,0.00316659,0.00301687,0.00256469,0.0018663,0.000980298,0,
0,0.00134651,0.00255897,0.00352766,0.00414443,0.00436532,0.0041493,0.00353558,0.00256684,0.0013514,0,
0,0.00158194,0.00301331,0.00414443,0.0048803,0.00512852,0.00488605,0.00415369,0.00302262,0.00158766,0,
0,0.00166625,0.00316659,0.00436532,0.00512852,0.00540188,0.00513454,0.00437511,0.00317633,0.0016723,0,
0,0.0015838,0.00301687,0.0041493,0.00488605,0.00513454,0.0048918,0.00415857,0.00302618,0.00158952,0,
0,0.00134953,0.00256469,0.00353558,0.00415369,0.00437511,0.00415857,0.0035435,0.00257257,0.00135443,0,
0,0.00097977,0.0018663,0.00256684,0.00302262,0.00317633,0.00302618,0.00257257,0.00187206,0.000983311,0,
0,0.000515833,0.000980298,0.0013514,0.00158766,0.0016723,0.00158952,0.00135443,0.000983311,0.000517705,0,
0,0,0,0,0,0,0,0,0,0,0
Time = 0.009
0,0,0,0,0,0,0,0,0,0,0,
0,0.00031178,0.00059243,0.000816511,0.000958991,0.00100978,0.000959509,0.000817354,0.000593268,0.000312301,0,
0,0.00059243,0.00112831,0.00155149,0.00182645,0.00191874,0.00182744,0.00155309,0.00112991,0.000593415,0,
0,0.000816511,0.00155149,0.00213834,0.00251147,0.00264449,0.00251282,0.00214054,0.00155369,0.000817875,0,
0,0.000958991,0.00182645,0.00251147,0.00295655,0.00310594,0.00295816,0.00251405,0.00182904,0.000960586,0,
0,0.00100978,0.00191874,0.00264449,0.00310594,0.00327046,0.00310762,0.00264722,0.00192145,0.00101147,0,
0,0.000959509,0.00182744,0.00251282,0.00295816,0.00310762,0.00295976,0.00251541,0.00183003,0.000961104,0,
0,0.000817354,0.00155309,0.00214054,0.00251405,0.00264722,0.00251541,0.00214275,0.00155529,0.000818718,0,
0,0.000593268,0.00112991,0.00155369,0.00182904,0.00192145,0.00183003,0.00155529,0.00113152,0.000594254,0,
0,0.000312301,0.000593415,0.000817875,0.000960586,0.00101147,0.000961104,0.000818718,0.000594254,0.000312822,0,
0,0,0,0,0,0,0,0,0,0,0
Time = 0.01
0,0,0,0,0,0,0,0,0,0,0,
0,0.000188931,0.000358972,0.0004947,0.000580946,0.000611628,0.000581091,0.000494935,0.000359206,0.000189076,0,
0,0.000358972,0.000683637,0.000939939,0.00110637,0.0011621,0.00110665,0.000940384,0.000684083,0.000359247,0,
0,0.0004947,0.000939939,0.00129533,0.00152116,0.0016015,0.00152154,0.00129595,0.000940551,0.00049508,0,
0,0.000580946,0.00110637,0.00152116,0.00179051,0.0018807,0.00179095,0.00152188,0.00110709,0.000581391,0,
0,0.000611628,0.0011621,0.0016015,0.0018807,0.00198003,0.00188117,0.00160226,0.00116286,0.000612098,0,
0,0.000581091,0.00110665,0.00152154,0.00179095,0.00188117,0.0017914,0.00152226,0.00110737,0.000581535,0,
0,0.000494935,0.000940384,0.00129595,0.00152188,0.00160226,0.00152226,0.00129656,0.000940995,0.000495315,0,
0,0.000359206,0.000684083,0.000940551,0.00110709,0.00116286,0.00110737,0.000940995,0.00068453,0.000359481,0,
0,0.000189076,0.000359247,0.00049508,0.000581391,0.000612098,0.000581535,0.000495315,0.000359481,0.000189221,0,
0,0,0,0,0,0,0,0,0,0,0
Time = 0.011
0,0,0,0,0,0,0,0,0,0,0,
0,0.000114432,0.000217415,0.000299606,0.000351818,0.000370374,0.000351858,0.000299672,0.00021748,0.000114472,0,
0,0.000217415,0.00041404,0.000569239,0.000669992,0.000703695,0.000670069,0.000569363,0.000414164,0.000217492,0,
0,0.000299606,0.000569239,0.000784432,0.000921133,0.000969718,0.000921239,0.000784604,0.000569409,0.000299712,0,
0,0.000351818,0.000669992,0.000921133,0.00108417,0.00113871,0.0010843,0.000921334,0.000670194,0.000351942,0,
0,0.000370374,0.000703695,0.000969718,0.00113871,0.00119877,0.00113884,0.000969929,0.000703905,0.000370505,0,
0,0.000351858,0.000670069,0.000921239,0.0010843,0.00113884,0.00108442,0.000921439,0.000670271,0.000351982,0,
0,0.000299672,0.000569363,0.000784604,0.000921334,0.000969929,0.000921439,0.000784775,0.000569533,0.000299778,0,
0,0.00021748,0.000414164,0.000569409,0.000670194,0.000703905,0.000670271,0.000569533,0.000414288,0.000217557,0,
0,0.000114472,0.000217492,0.000299712,0.000351942,0.000370505,0.000351982,0.000299778,0.000217557,0.000114513,0,
0,0,0,0,0,0,0,0,0,0,0
Time = 0.012
0,0,0,0,0,0,0,0,0,0,0,
0,6.92935e-05,0.000131653,0.000181418,0.000213028,0.000224257,0.000213039,0.000181437,0.000131671,6.93047e-05,0,
0,0.000131653,0.000250712,0.000344682,0.000405678,0.000426072,0.0004057,0.000344716,0.000250747,0.000131674,0,
0,0.000181418,0.000344682,0.000474974,0.000557731,0.00058713,0.00055776,0.000475022,0.000344729,0.000181448,0,
0,0.000213028,0.000405678,0.000557731,0.000656429,0.000689428,0.000656464,0.000557787,0.000405734,0.000213062,0,
0,0.000224257,0.000426072,0.00058713,0.000689428,0.000725769,0.000689464,0.000587189,0.00042613,0.000224293,0,
0,0.000213039,0.0004057,0.00055776,0.000656464,0.000689464,0.000656499,0.000557816,0.000405756,0.000213073,0,
0,0.000181437,0.000344716,0.000475022,0.000557787,0.000587189,0.000557816,0.00047507,0.000344764,0.000181466,0,
0,0.000131671,0.000250747,0.000344729,0.000405734,0.00042613,0.000405756,0.000344764,0.000250782,0.000131692,0,
0,6.93047e-05,0.000131674,0.000181448,0.000213062,0.000224293,0.000213073,0.000181466,0.000131692,6.9316e-05,0,
0,0,0,0,0,0,0,0,0,0,0
Time = 0.013
0,0,0,0,0,0,0,0,0,0,0,
0,4.1956e-05,7.97128e-05,0.000109844,0.000128981,0.000135777,0.000128984,0.000109849,7.97179e-05,4.19591e-05,0,
0,7.97128e-05,0.0001518,0.000208694,0.000245622,0.000257966,0.000245628,0.000208703,0.000151809,7.97188e-05,0,
0,0.000109844,0.000208694,0.000287579,0.00033768,0.000355475,0.000337689,0.000287592,0.000208707,0.000109852,0,
0,0.000128981,0.000245622,0.00033768,0.000397433,0.000417405,0.000397442,0.000337696,0.000245638,0.00012899,0,
0,0.000135777,0.000257966,0.000355475,0.000417405,0.000439401,0.000417416,0.000355491,0.000257982,0.000135788,0,
0,0.000128984,0.000245628,0.000337689,0.000397442,0.000417416,0.000397452,0.000337704,0.000245644,0.000128993,0,
0,0.000109849,0.000208703,0.000287592,0.000337696,0.000355491,0.000337704,0.000287605,0.000208717,0.000109857,0,
0,7.97179e-05,0.000151809,0.000208707,0.000245638,0.000257982,0.000245644,0.000208717,0.000151819,7.97238e-05,0,
0,4.19591e-05,7.97188e-05,0.000109852,0.00012899,0.000135788,0.000128993,0.000109857,7.97238e-05,4.19622e-05,0,
0,0,0,0,0,0,0,0,0,0,0
Time = 0.014
0,0,0,0,0,0,0,0,0,0,0,
0,2.54024e-05,4.82623e-05,6.65048e-05,7.80907e-05,8.22053e-05,7.80915e-05,6.65062e-05,4.82637e-05,2.54033e-05,0,
0,4.82623e-05,9.19072e-05,0.000126353,0.00014871,0.000156183,0.000148712,0.000126356,9.19099e-05,4.82639e-05,0,
0,6.65048e-05,0.000126353,0.000174113,0.000204445,0.000215218,0.000204448,0.000174117,0.000126357,6.6507e-05,0,
0,7.80907e-05,0.00014871,0.000204445,0.00024062,0.000252711,0.000240623,0.00020445,0.000148715,7.80934e-05,0,
0,8.22053e-05,0.000156183,0.000215218,0.000252711,0.000266026,0.000252714,0.000215222,0.000156187,8.22081e-05,0,
0,7.80915e-05,0.000148712,0.000204448,0.000240623,0.000252714,0.000240626,0.000204452,0.000148716,7.80942e-05,0,
0,6.65062e-05,0.000126356,0.000174117,0.00020445,0.000215222,0.000204452,0.00017412,0.000126359,6.65085e-05,0,
0,4.82637e-05,9.19099e-05,0.000126357,0.000148715,0.000156187,0.000148716,0.000126359,9.19126e-05,4.82653e-05,0,
0,2.54033e-05,4.82639e-05,6.6507e-05,7.80934e-05,8.22081e-05,7.80942e-05,6.65085e-05,4.82653e-05,2.54041e-05,0,
0,0,0,0,0,0,0,0,0,0,0
Time = 0.015
0,0,0,0,0,0,0,0,0,0,0,
0,1.53796e-05,2.92199e-05,4.02645e-05,4.72789e-05,4.97699e-05,4.72792e-05,4.02649e-05,2.92203e-05,1.53799e-05,0,
0,2.92199e-05,5.56442e-05,7.64988e-05,9.00345e-05,9.45582e-05,9.0035e-05,7.64996e-05,5.56449e-05,2.92203e-05,0,
0,4.02645e-05,7.64988e-05,0.000105414,0.000123778,0.0001303,0.000123779,0.000105415,7.64999e-05,4.02652e-05,0,
0,4.72789e-05,9.00345e-05,0.000123778,0.000145679,0.000152999,0.00014568,0.000123779,9.00357e-05,4.72797e-05,0,
0,4.97699e-05,9.45582e-05,0.0001303,0.000152999,0.00016106,0.000153,0.000130301,9.45595e-05,4.97707e-05,0,
0,4.72792e-05,9.0035e-05,0.000123779,0.00014568,0.000153,0.000145681,0.00012378,9.00362e-05,4.72799e-05,0,
0,4.02649e-05,7.64996e-05,0.000105415,0.000123779,0.000130301,0.00012378,0.000105416,7.65006e-05,4.02655e-05,0,
0,2.92203e-05,5.56449e-05,7.64999e-05,9.00357e-05,9.45595e-05,9.00362e-05,7.65006e-05,5.56457e-05,2.92207e-05,0,
0,1.53799e-05,2.92203e-05,4.02652e-05,4.72797e-05,4.97707e-05,4.72799e-05,4.02655e-05,2.92207e-05,1.53801e-05,0,
0,0,0,0,0,0,0,0,0,0,0
Time = 0.016
0,0,0,0,0,0,0,0,0,0,0,
0,9.31135e-06,1.76907e-05,2.43775e-05,2.86242e-05,3.01323e-05,2.86243e-05,2.43776e-05,1.76908e-05,9.31142e-06,0,
0,1.76907e-05,3.36888e-05,4.63149e-05,5.45098e-05,5.72485e-05,5.45099e-05,4.63151e-05,3.3689e-05,1.76908e-05,0,
0,2.43775e-05,4.63149e-05,6.38211e-05,7.49392e-05,7.88875e-05,7.49394e-05,6.38214e-05,4.63152e-05,2.43777e-05,0,
0,2.86242e-05,5.45098e-05,7.49392e-05,8.81988e-05,9.26302e-05,8.81991e-05,7.49396e-05,5.45101e-05,2.86244e-05,0,
0,3.01323e-05,5.72485e-05,7.88875e-05,9.26302e-05,9.75105e-05,9.26304e-05,7.88878e-05,5.72489e-05,3.01325e-05,0,
0,2.86243e-05,5.45099e-05,7.49394e-05,8.81991e-05,9.26304e-05,8.81993e-05,7.49398e-05,5.45102e-05,2.86245e-05,0,
0,2.43776e-05,4.63151e-05,6.38214e-05,7.49396e-05,7.88878e-05,7.49398e-05,6.38217e-05,4.63154e-05,2.43778e-05,0,
0,1.76908e-05,3.3689e-05,4.63152e-05,5.45101e-05,5.72489e-05,5.45102e-05,4.63154e-05,3.36893e-05,1.76909e-05,0,
0,9.31142e-06,1.76908e-05,2.43777e-05,2.86244e-05,3.01325e-05,2.86245e-05,2.43778e-05,1.76909e-05,9.31149e-06,0,
0,0,0,0,0,0,0,0,0,0,0
Time = 0.017
0,0,0,0,0,0,0,0,0,0,0,
0,5.63739e-06,1.07105e-05,1.47589e-05,1.733e-05,1.8243e-05,1.733e-05,1.47589e-05,1.07105e-05,5.63741e-06,0,
0,1.07105e-05,2.03963e-05,2.80405e-05,3.30019e-05,3.466e-05,3.30019e-05,2.80405e-05,2.03963e-05,1.07105e-05,0,
0,1.47589e-05,2.80405e-05,3.86393e-05,4.53705e-05,4.77608e-05,4.53705e-05,3.86394e-05,2.80406e-05,1.47589e-05,0,
0,1.733e-05,3.30019e-05,4.53705e-05,5.33982e-05,5.60811e-05,5.33983e-05,4.53706e-05,3.3002e-05,1.733e-05,0,
0,1.8243e-05,3.466e-05,4.77608e-05,5.60811e-05,5.90357e-05,5.60811e-05,4.77609e-05,3.46601e-05,1.82431e-05,0,
0,1.733e-05,3.30019e-05,4.53705e-05,5.33983e-05,5.60811e-05,5.33983e-05,4.53706e-05,3.3002e-05,1.733e-05,0,
0,1.47589e-05,2.80405e-05,3.86394e-05,4.53706e-05,4.77609e-05,4.53706e-05,3.86394e-05,2.80406e-05,1.4759e-05,0,
0,1.07105e-05,2.03963e-05,2.80406e-05,3.3002e-05,3.46601e-05,3.3002e-05,2.80406e-05,2.03964e-05,1.07106e-05,0,
0,5.63741e-06,1.07105e-05,1.47589e-05,1.733e-05,1.82431e-05,1.733e-05,1.4759e-05,1.07106e-05,5.63742e-06,0,
0,0,0,0,0,0,0,0,0,0,0
Time = 0.018
0,0,0,0,0,0,0,0,0,0,0,
0,3.41304e-06,6.48446e-06,8.93547e-06,1.04921e-05,1.10448e-05,1.04921e-05,8.93548e-06,6.48447e-06,3.41305e-06,0,
0,6.48446e-06,1.23485e-05,1.69765e-05,1.99803e-05,2.09842e-05,1.99803e-05,1.69766e-05,1.23485e-05,6.48447e-06,0,
0,8.93547e-06,1.69765e-05,2.33934e-05,2.74686e-05,2.89158e-05,2.74686e-05,2.33934e-05,1.69766e-05,8.93548e-06,0,
0,1.04921e-05,1.99803e-05,2.74686e-05,3.23288e-05,3.39531e-05,3.23289e-05,2.74687e-05,1.99803e-05,1.04921e-05,0,
0,1.10448e-05,2.09842e-05,2.89158e-05,3.39531e-05,3.57419e-05,3.39531e-05,2.89158e-05,2.09842e-05,1.10449e-05,0,
0,1.04921e-05,1.99803e-05,2.74686e-05,3.23289e-05,3.39531e-05,3.23289e-05,2.74687e-05,1.99804e-05,1.04921e-05,0,
0,8.93548e-06,1.69766e-05,2.33934e-05,2.74687e-05,2.89158e-05,2.74687e-05,2.33934e-05,1.69766e-05,8.93549e-06,0,
0,6.48447e-06,1.23485e-05,1.69766e-05,1.99803e-05,2.09842e-05,1.99804e-05,1.69766e-05,1.23485e-05,6.48448e-06,0,
0,3.41305e-06,6.48447e-06,8.93548e-06,1.04921e-05,1.10449e-05,1.04921e-05,8.93549e-06,6.48448e-06,3.41305e-06,0,
0,0,0,0,0,0,0,0,0,0,0
Time = 0.019
0,0,0,0,0,0,0,0,0,0,0,
0,2.06636e-06,3.92588e-06,5.40979e-06,6.35221e-06,6.68688e-06,6.35222e-06,5.4098e-06,3.92589e-06,2.06636e-06,0,
0,3.92588e-06,7.47615e-06,1.02781e-05,1.20967e-05,1.27044e-05,1.20967e-05,1.02781e-05,7.47616e-06,3.92589e-06,0,
0,5.40979e-06,1.02781e-05,1.4163e-05,1.66303e-05,1.75065e-05,1.66303e-05,1.4163e-05,1.02781e-05,5.4098e-06,0,
0,6.35221e-06,1.20967e-05,1.66303e-05,1.95728e-05,2.05562e-05,1.95728e-05,1.66303e-05,1.20967e-05,6.35222e-06,0,
0,6.68688e-06,1.27044e-05,1.75065e-05,2.05562e-05,2.16392e-05,2.05562e-05,1.75065e-05,1.27044e-05,6.68688e-06,0,
0,6.35222e-06,1.20967e-05,1.66303e-05,1.95728e-05,2.05562e-05,1.95728e-05,1.66303e-05,1.20967e-05,6.35222e-06,0,
0,5.4098e-06,1.02781e-05,1.4163e-05,1.66303e-05,1.75065e-05,1.66303e-05,1.4163e-05,1.02781e-05,5.4098e-06,0,
0,3.92589e-06,7.47616e-06,1.02781e-05,1.20967e-05,1.27044e-05,1.20967e-05,1.02781e-05,7.47616e-06,3.92589e-06,0,
0,2.06636e-06,3.92589e-06,5.4098e-06,6.35222e-06,6.68688e-06,6.35222e-06,5.4098e-06,3.92589e-06,2.06636e-06,0,
0,0,0,0,0,0,0,0,0,0,0
Time = 0.02
0,0,0,0,0,0,0,0,0,0,0,
0,1.25103e-06,2.37684e-06,3.27525e-06,3.84582e-06,4.04843e-06,3.84582e-06,3.27525e-06,2.37685e-06,1.25103e-06,0,
0,2.37684e-06,4.52628e-06,6.22266e-06,7.32368e-06,7.69163e-06,7.32368e-06,6.22266e-06,4.52628e-06,2.37685e-06,0,
0,3.27525e-06,6.22266e-06,8.57471e-06,1.00685e-05,1.05989e-05,1.00685e-05,8.57471e-06,6.22266e-06,3.27525e-06,0,
0,3.84582e-06,7.32368e-06,1.00685e-05,1.185e-05,1.24453e-05,1.185e-05,1.00685e-05,7.32368e-06,3.84582e-06,0,
0,4.04843e-06,7.69163e-06,1.05989e-05,1.24453e-05,1.3101e-05,1.24453e-05,1.05989e-05,7.69163e-06,4.04843e-06,0,
0,3.84582e-06,7.32368e-06,1.00685e-05,1.185e-05,1.24453e-05,1.185e-05,1.00685e-05,7.32368e-06,3.84582e-06,0,
0,3.27525e-06,6.22266e-06,8.57471e-06,1.00685e-05,1.05989e-05,1.00685e-05,8.57471e-06,6.22266e-06,3.27525e-06,0,
0,2.37685e-06,4.52628e-06,6.22266e-06,7.32368e-06,7.69163e-06,7.32368e-06,6.22266e-06,4.52628e-06,2.37685e-06,0,
0,1.25103e-06,2.37685e-06,3.27525e-06,3.84582e-06,4.04843e-06,3.84582e-06,3.27525e-06,2.37685e-06,1.25103e-06,0,
0,0,0,0,0,0,0,0,0,0,0
Time = 0.021
0,0,0,0,0,0,0,0,0,0,0,
0,7.57412e-07,1.43901e-06,1.98293e-06,2.32837e-06,2.45104e-06,2.32837e-06,1.98293e-06,1.43901e-06,7.57412e-07,0,
0,1.43901e-06,2.74034e-06,3.76738e-06,4.43397e-06,4.65674e-06,4.43397e-06,3.76738e-06,2.74034e-06,1.43901e-06,0,
0,1.98293e-06,3.76738e-06,5.19138e-06,6.09575e-06,6.4169e-06,6.09575e-06,5.19138e-06,3.76738e-06,1.98293e-06,0,
0,2.32837e-06,4.43397e-06,6.09575e-06,7.17431e-06,7.53476e-06,7.17431e-06,6.09575e-06,4.43397e-06,2.32837e-06,0,
0,2.45104e-06,4.65674e-06,6.4169e-06,7.53476e-06,7.93172e-06,7.53476e-06,6.4169e-06,4.65674e-06,2.45104e-06,0,
0,2.32837e-06,4.43397e-06,6.09575e-06,7.17431e-06,7.53476e-06,7.17431e-06,6.09575e-06,4.43397e-06,2.32837e-06,0,
0,1.98293e-06,3.76738e-06,5.19138e-06,6.09575e-06,6.4169e-06,6.09575e-06,5.19138e-06,3.76738e-06,1.98293e-06,0,
0,1.43901e-06,2.74034e-06,3.76738e-06,4.43397e-06,4.65674e-06,4.43397e-06,3.76738e-06,2.74034e-06,1.43901e-06,0,
0,7.57412e-07,1.43901e-06,1.98293e-06,2.32837e-06,2.45104e-06,2.32837e-06,1.98293e-06,1.43901e-06,7.57412e-07,0,
0,0,0,0,0,0,0,0,0,0,0
Time = 0.022
0,0,0,0,0,0,0,0,0,0,0,
0,4.58559e-07,8.71219e-07,1.20052e-06,1.40966e-06,1.48393e-06,1.40966e-06,1.20052e-06,8.71219e-07,4.58559e-07,0,
0,8.71219e-07,1.65908e-06,2.28088e-06,2.68445e-06,2.81932e-06,2.68445e-06,2.28088e-06,1.65908e-06,8.71219e-07,0,
0,1.20052e-06,2.28088e-06,3.14301e-06,3.69054e-06,3.88498e-06,3.69054e-06,3.14301e-06,2.28088e-06,1.20052e-06,0,
0,1.40966e-06,2.68445e-06,3.69054e-06,4.34354e-06,4.56176e-06,4.34354e-06,3.69054e-06,2.68445e-06,1.40966e-06,0,
0,1.48393e-06,2.81932e-06,3.88498e-06,4.56176e-06,4.8021e-06,4.56176e-06,3.88498e-06,2.81932e-06,1.48393e-06,0,
0,1.40966e-06,2.68445e-06,3.69054e-06,4.34354e-06,4.56176e-06,4.34354e-06,3.69054e-06,2.68445e-06,1.40966e-06,0,
0,1.20052e-06,2.28088e-06,3.14301e-06,3.69054e-06,3.88498e-06,3.69054e-06,3.14301e-06,2.28088e-06,1.20052e-06,0,
0,8.71219e-07,1.65908e-06,2.28088e-06,2.68445e-06,2.81932e-06,2.68445e-06,2.28088e-06,1.65908e-06,8.71219e-07,0,
0,4.58559e-07,8.71219e-07,1.20052e-06,1.40966e-06,1.48393e-06,1.40966e-06,1.20052e-06,8.71219e-07,4.58559e-07,0,
0,0,0,0,0,0,0,0,0,0,0
Time = 0.023
0,0,0,0,0,0,0,0,0,0,0,
0,2.77625e-07,5.27461e-07,7.26832e-07,8.5345e-07,8.98414e-07,8.5345e-07,7.26832e-07,5.27461e-07,2.77625e-07,0,
0,5.27461e-07,1.00446e-06,1.38091e-06,1.62525e-06,1.7069e-06,1.62525e-06,1.38091e-06,1.00446e-06,5.27461e-07,0,
0,7.26832e-07,1.38091e-06,1.90287e-06,2.23436e-06,2.35208e-06,2.23436e-06,1.90287e-06,1.38091e-06,7.26832e-07,0,
0,8.5345e-07,1.62525e-06,2.23436e-06,2.6297e-06,2.76182e-06,2.6297e-06,2.23436e-06,1.62525e-06,8.5345e-07,0,
0,8.98414e-07,1.7069e-06,2.35208e-06,2.76182e-06,2.90733e-06,2.76182e-06,2.35208e-06,1.7069e-06,8.98414e-07,0,
0,8.5345e-07,1.62525e-06,2.23436e-06,2.6297e-06,2.76182e-06,2.6297e-06,2.23436e-06,1.62525e-06,8.53451e-07,0,
0,7.26832e-07,1.38091e-06,1.90287e-06,2.23436e-06,2.35208e-06,2.23436e-06,1.90287e-06,1.38091e-06,7.26832e-07,0,
0,5.27461e-07,1.00446e-06,1.38091e-06,1.62525e-06,1.7069e-06,1.62525e-06,1.38091e-06,1.00446e-06,5.27461e-07,0,
0,2.77625e-07,5.27461e-07,7.26832e-07,8.5345e-07,8.98414e-07,8.53451e-07,7.26832e-07,5.27461e-07,2.77625e-07,0,
0,0,0,0,0,0,0,0,0,0,0
Time = 0.024
0,0,0,0,0,0,0,0,0,0,0,
0,1.68082e-07,3.1934e-07,4.40045e-07,5.16704e-07,5.43926e-07,5.16704e-07,4.40045e-07,3.1934e-07,1.68082e-07,0,
0,3.1934e-07,6.08128e-07,8.36044e-07,9.83971e-07,1.03341e-06,9.83971e-07,8.36044e-07,6.08128e-07,3.1934e-07,0,
0,4.40045e-07,8.36044e-07,1.15205e-06,1.35275e-06,1.42402e-06,1.35275e-06,1.15205e-06,8.36044e-07,4.40045e-07,0,
0,5.16704e-07,9.83971e-07,1.35275e-06,1.5921e-06,1.67209e-06,1.5921e-06,1.35275e-06,9.83971e-07,5.16704e-07,0,
0,5.43926e-07,1.03341e-06,1.42402e-06,1.67209e-06,1.76018e-06,1.67209e-06,1.42402e-06,1.03341e-06,5.43926e-07,0,
0,5.16704e-07,9.83971e-07,1.35275e-06,1.5921e-06,1.67209e-06,1.5921e-06,1.35275e-06,9.83971e-07,5.16704e-07,0,
0,4.40045e-07,8.36044e-07,1.15205e-06,1.35275e-06,1.42402e-06,1.35275e-06,1.15205e-06,8.36044e-07,4.40045e-07,0,
0,3.1934e-07,6.08128e-07,8.36044e-07,9.83971e-07,1.03341e-06,9.83971e-07,8.36044e-07,6.08128e-07,3.1934e-07,0,
0,1.68082e-07,3.1934e-07,4.40045e-07,5.16704e-07,5.43926e-07,5.16704e-07,4.40045e-07,3.1934e-07,1.68082e-07,0,
0,0,0,0,0,0,0,0,0,0,0
Time = 0.025
0,0,0,0,0,0,0,0,0,0,0,
0,1.01762e-07,1.93338e-07,2.66416e-07,3.12827e-07,3.29308e-07,3.12827e-07,2.66416e-07,1.93338e-07,1.01762e-07,0,
0,1.93338e-07,3.68178e-07,5.06165e-07,5.95725e-07,6.25655e-07,5.95725e-07,5.06165e-07,3.68178e-07,1.93338e-07,0,
0,2.66416e-07,5.06165e-07,6.97487e-07,8.18993e-07,8.62141e-07,8.18993e-07,6.97487e-07,5.06165e-07,2.66416e-07,0,
0,3.12827e-07,5.95725e-07,8.18993e-07,9.63903e-07,1.01233e-06,9.63903e-07,8.18993e-07,5.95725e-07,3.12827e-07,0,
0,3.29308e-07,6.25655e-07,8.62141e-07,1.01233e-06,1.06566e-06,1.01233e-06,8.62141e-07,6.25655e-07,3.29309e-07,0,
0,3.12827e-07,5.95725e-07,8.18993e-07,9.63903e-07,1.01233e-06,9.63903e-07,8.18993e-07,5.95725e-07,3.12827e-07,0,
0,2.66416e-07,5.06165e-07,6.97487e-07,8.18993e-07,8.62141e-07,8.18993e-07,6.97487e-07,5.06165e-07,2.66416e-07,0,
0,1.93338e-07,3.68178e-07,5.06165e-07,5.95725e-07,6.25655e-07,5.95725e-07,5.06165e-07,3.68178e-07,1.93338e-07,0,
0,1.01762e-07,1.93338e-07,2.66416e-07,3.12827e-07,3.29309e-07,3.12827e-07,2.66416e-07,1.93338e-07,1.01762e-07,0,
0,0,0,0,0,0,0,0,0,0,0
Time = 0.026
0,0,0,0,0,0,0,0,0,0,0,
0,6.16096e-08,1.17052e-07,1.61296e-07,1.89395e-07,1.99373e-07,1.89395e-07,1.61296e-07,1.17052e-07,6.16096e-08,0,
0,1.17052e-07,2.22906e-07,3.06447e-07,3.60669e-07,3.7879e-07,3.60669e-07,3.06447e-07,2.22906e-07,1.17052e-07,0,
0,1.61296e-07,3.06447e-07,4.22279e-07,4.95842e-07,5.21965e-07,4.95842e-07,4.22279e-07,3.06447e-07,1.61296e-07,0,
0,1.89395e-07,3.60669e-07,4.95842e-07,5.83575e-07,6.12895e-07,5.83575e-07,4.95842e-07,3.60669e-07,1.89395e-07,0,
0,1.99373e-07,3.7879e-07,5.21965e-07,6.12895e-07,6.45184e-07,6.12895e-07,5.21965e-07,3.7879e-07,1.99373e-07,0,
0,1.89395e-07,3.60669e-07,4.95842e-07,5.83575e-07,6.12895e-07,5.83575e-07,4.95842e-07,3.60669e-07,1.89395e-07,0,
0,1.61296e-07,3.06447e-07,4.22279e-07,4.95842e-07,5.21965e-07,4.95842e-07,4.22279e-07,3.06447e-07,1.61296e-07,0,
0,1.17052e-07,2.22906e-07,3.06447e-07,3.60669e-07,3.7879e-07,3.60669e-07,3.06447e-07,2.22906e-07,1.17052e-07,0,
0,6.16096e-08,1.17052e-07,1.61296e-07,1.89395e-07,1.99373e-07,1.89395e-07,1.61296e-07,1.17052e-07,6.16096e-08,0,
0,0,0,0,0,0,0,0,0,0,0
Time = 0.027
0,0,0,0,0,0,0,0,0,0,0,
0,3.73003e-08,7.08669e-08,9.76533e-08,1.14665e-07,1.20706e-07,1.14665e-07,9.76533e-08,7.08669e-08,3.73003e-08,0,
0,7.08669e-08,1.34954e-07,1.85532e-07,2.1836e-07,2.2933e-07,2.1836e-07,1.85532e-07,1.34954e-07,7.08669e-08,0,
0,9.76533e-08,1.85532e-07,2.5566e-07,3.00197e-07,3.16013e-07,3.00197e-07,2.5566e-07,1.85532e-07,9.76533e-08,0,
0,1.14665e-07,2.1836e-07,3.00197e-07,3.53313e-07,3.71064e-07,3.53313e-07,3.00197e-07,2.1836e-07,1.14665e-07,0,
0,1.20706e-07,2.2933e-07,3.16013e-07,3.71064e-07,3.90613e-07,3.71064e-07,3.16013e-07,2.2933e-07,1.20706e-07,0,
0,1.14665e-07,2.1836e-07,3.00197e-07,3.53313e-07,3.71064e-07,3.53313e-07,3.00197e-07,2.1836e-07,1.14665e-07,0,
0,9.76533e-08,1.85532e-07,2.5566e-07,3.00197e-07,3.16013e-07,3.00197e-07,2.5566e-07,1.85532e-07,9.76533e-08,0,
0,7.08669e-08,1.34954e-07,1.85532e-07,2.1836e-07,2.2933e-07,2.1836e-07,1.85532e-07,1.34954e-07,7.08669e-08,0,
0,3.73003e-08,7.08669e-08,9.76533e-08,1.14665e-07,1.20706e-07,1.14665e-07,9.76533e-08,7.08669e-08,3.73003e-08,0,
0,0,0,0,0,0,0,0,0,0,0
Time = 0.028
0,0,0,0,0,0,0,0,0,0,0,
0,2.25827e-08,4.29049e-08,5.91222e-08,6.94216e-08,7.3079e-08,6.94216e-08,5.91222e-08,4.29049e-08,2.25827e-08,0,
0,4.29049e-08,8.17048e-08,1.12327e-07,1.32201e-07,1.38843e-07,1.32201e-07,1.12327e-07,8.17048e-08,4.29049e-08,0,
0,5.91222e-08,1.12327e-07,1.54784e-07,1.81748e-07,1.91323e-07,1.81748e-07,1.54784e-07,1.12327e-07,5.91222e-08,0,
0,6.94216e-08,1.32201e-07,1.81748e-07,2.13906e-07,2.24653e-07,2.13906e-07,1.81748e-07,1.32201e-07,6.94216e-08,0,
0,7.3079e-08,1.38843e-07,1.91323e-07,2.24653e-07,2.36489e-07,2.24653e-07,1.91323e-07,1.38843e-07,7.3079e-08,0,
0,6.94216e-08,1.32201e-07,1.81748e-07,2.13906e-07,2.24653e-07,2.13906e-07,1.81748e-07,1.32201e-07,6.94216e-08,0,
0,5.91222e-08,1.12327e-07,1.54784e-07,1.81748e-07,1.91323e-07,1.81748e-07,1.54784e-07,1.12327e-07,5.91222e-08,0,
0,4.29049e-08,8.17048e-08,1.12327e-07,1.32201e-07,1.38843e-07,1.32201e-07,1.12327e-07,8.17048e-08,4.29049e-08,0,
0,2.25827e-08,4.29049e-08,5.91222e-08,6.94216e-08,7.3079e-08,6.94216e-08,5.91222e-08,4.29049e-08,2.25827e-08,0,
0,0,0,0,0,0,0,0,0,0,0
Time = 0.029
0,0,0,0,0,0,0,0,0,0,0,
0,1.36722e-08,2.59759e-08,3.57943e-08,4.20299e-08,4.42442e-08,4.20299e-08,3.57943e-08,2.59759e-08,1.36722e-08,0,
0,2.59759e-08,4.94665e-08,6.80057e-08,8.00384e-08,8.40597e-08,8.00384e-08,6.80057e-08,4.94665e-08,2.59759e-08,0,
0,3.57943e-08,6.80057e-08,9.37106e-08,1.10036e-07,1.15833e-07,1.10036e-07,9.37106e-08,6.80057e-08,3.57943e-08,0,
0,4.20299e-08,8.00384e-08,1.10036e-07,1.29505e-07,1.36011e-07,1.29505e-07,1.10036e-07,8.00384e-08,4.20299e-08,0,
0,4.42442e-08,8.40597e-08,1.15833e-07,1.36011e-07,1.43177e-07,1.36011e-07,1.15833e-07,8.40597e-08,4.42442e-08,0,
0,4.20299e-08,8.00384e-08,1.10036e-07,1.29505e-07,1.36011e-07,1.29505e-07,1.10036e-07,8.00384e-08,4.20299e-08,0,
0,3.57943e-08,6.80057e-08,9.37106e-08,1.10036e-07,1.15833e-07,1.10036e-07,9.37106e-08,6.80057e-08,3.57943e-08,0,
0,2.59759e-08,4.94665e-08,6.80057e-08,8.00384e-08,8.40597e-08,8.00384e-08,6.80057e-08,4.94665e-08,2.59759e-08,0,
0,1.36722e-08,2.59759e-08,3.57943e-08,4.20299e-08,4.42442e-08,4.20299e-08,3.57943e-08,2.59759e-08,1.36722e-08,0,
0,0,0,0,0,0,0,0,0,0,0
Time = 0.03
0,0,0,0,0,0,0,0,0,0,0,
0,8.27755e-09,1.57266e-08,2.16709e-08,2.54461e-08,2.67867e-08,2.54461e-08,2.16709e-08,1.57266e-08,8.27755e-09,0,
0,1.57266e-08,2.99484e-08,4.11726e-08,4.84576e-08,5.08922e-08,4.84576e-08,4.11726e-08,2.99484e-08,1.57266e-08,0,
0,2.16709e-08,4.11726e-08,5.67351e-08,6.66187e-08,7.01285e-08,6.66187e-08,5.67351e-08,4.11726e-08,2.16709e-08,0,
0,2.54461e-08,4.84576e-08,6.66187e-08,7.8406e-08,8.23453e-08,7.8406e-08,6.66187e-08,4.84576e-08,2.54461e-08,0,
0,2.67867e-08,5.08922e-08,7.01285e-08,8.23453e-08,8.66836e-08,8.23453e-08,7.01285e-08,5.08922e-08,2.67867e-08,0,
0,2.54461e-08,4.84576e-08,6.66187e-08,7.8406e-08,8.23453e-08,7.8406e-08,6.66187e-08,4.84576e-08,2.54461e-08,0,
0,2.16709e-08,4.11726e-08,5.67351e-08,6.66187e-08,7.01285e-08,6.66187e-08,5.67351e-08,4.11726e-08,2.16709e-08,0,
0,1.57266e-08,2.99484e-08,4.11726e-08,4.84576e-08,5.08922e-08,4.84576e-08,4.11726e-08,2.99484e-08,1.57266e-08,0,
0,8.27755e-09,1.57266e-08,2.16709e-08,2.54461e-08,2.67867e-08,2.54461e-08,2.16709e-08,1.57266e-08,8.27755e-09,0,
0,0,0,0,0,0,0,0,0,0,0
Time = 0.031
0,0,0,0,0,0,0,0,0,0,0,
0,5.01147e-09,9.52131e-09,1.31202e-08,1.54058e-08,1.62174e-08,1.54058e-08,1.31202e-08,9.52131e-09,5.01147e-09,0,
0,9.52131e-09,1.81317e-08,2.49271e-08,2.93376e-08,3.08116e-08,2.93376e-08,2.49271e-08,1.81317e-08,9.52131e-09,0,
0,1.31202e-08,2.49271e-08,3.43491e-08,4.03329e-08,4.24578e-08,4.03329e-08,3.43491e-08,2.49271e-08,1.31202e-08,0,
0,1.54058e-08,2.93376e-08,4.03329e-08,4.74693e-08,4.98542e-08,4.74693e-08,4.03329e-08,2.93376e-08,1.54058e-08,0,
0,1.62174e-08,3.08116e-08,4.24578e-08,4.98542e-08,5.24808e-08,4.98542e-08,4.24578e-08,3.08116e-08,1.62174e-08,0,
0,1.54058e-08,2.93376e-08,4.03329e-08,4.74693e-08,4.98542e-08,4.74693e-08,4.03329e-08,2.93376e-08,1.54058e-08,0,
0,1.31202e-08,2.49271e-08,3.43491e-08,4.03329e-08,4.24578e-08,4.03329e-08,3.43491e-08,2.49271e-08,1.31202e-08,0,
0,9.52131e-09,1.81317e-08,2.49271e-08,2.93376e-08,3.08116e-08,2.93376e-08,2.49271e-08,1.81317e-08,9.52131e-09,0,
0,5.01147e-09,9.52131e-09,1.31202e-08,1.54058e-08,1.62174e-08,1.54058e-08,1.31202e-08,9.52131e-09,5.01147e-09,0,
0,0,0,0,0,0,0,0,0,0,0
Time = 0.032
0,0,0,0,0,0,0,0,0,0,0,
0,3.03409e-09,5.76448e-09,7.94334e-09,9.32712e-09,9.81851e-09,9.32712e-09,7.94334e-09,5.76448e-09,3.03409e-09,0,
0,5.76448e-09,1.09774e-08,1.50916e-08,1.77619e-08,1.86542e-08,1.77619e-08,1.50916e-08,1.09774e-08,5.76448e-09,0,
0,7.94334e-09,1.50916e-08,2.07959e-08,2.44187e-08,2.57052e-08,2.44187e-08,2.07959e-08,1.50916e-08,7.94334e-09,0,
0,9.32712e-09,1.77619e-08,2.44187e-08,2.87393e-08,3.01832e-08,2.87393e-08,2.44187e-08,1.77619e-08,9.32712e-09,0,
0,9.81851e-09,1.86542e-08,2.57052e-08,3.01832e-08,3.17734e-08,3.01832e-08,2.57052e-08,1.86542e-08,9.81851e-09,0,
0,9.32712e-09,1.77619e-08,2.44187e-08,2.87393e-08,3.01832e-08,2.87393e-08,2.44187e-08,1.77619e-08,9.32712e-09,0,
0,7.94334e-09,1.50916e-08,2.07959e-08,2.44187e-08,2.57052e-08,2.44187e-08,2.07959e-08,1.50916e-08,7.94334e-09,0,
0,5.76448e-09,1.09774e-08,1.50916e-08,1.77619e-08,1.86542e-08,1.77619e-08,1.50916e-08,1.09774e-08,5.76448e-09,0,
0,3.03409e-09,5.76448e-09,7.94334e-09,9.32712e-09,9.81851e-09,9.32712e-09,7.94334e-09,5.76448e-09,3.03409e-09,0,
0,0,0,0,0,0,0,0,0,0,0
Time = 0.033
0,0,0,0,0,0,0,0,0,0,0,
0,1.83692e-09,3.48998e-09,4.80913e-09,5.64691e-09,5.94441e-09,5.64691e-09,4.80913e-09,3.48998e-09,1.83692e-09,0,
0,3.48998e-09,6.64606e-09,9.13689e-09,1.07535e-08,1.12938e-08,1.07535e-08,9.13689e-09,6.64606e-09,3.48998e-09,0,
0,4.80913e-09,9.13689e-09,1.25905e-08,1.47838e-08,1.55627e-08,1.47838e-08,1.25905e-08,9.13689e-09,4.80913e-09,0,
0,5.64691e-09,1.07535e-08,1.47838e-08,1.73996e-08,1.82738e-08,1.73996e-08,1.47838e-08,1.07535e-08,5.64691e-09,0,
0,5.94441e-09,1.12938e-08,1.55627e-08,1.82738e-08,1.92365e-08,1.82738e-08,1.55627e-08,1.12938e-08,5.94441e-09,0,
0,5.64691e-09,1.07535e-08,1.47838e-08,1.73996e-08,1.82738e-08,1.73996e-08,1.47838e-08,1.07535e-08,5.64691e-09,0,
0,4.80913e-09,9.13689e-09,1.25905e-08,1.47838e-08,1.55627e-08,1.47838e-08,1.25905e-08,9.13689e-09,4.80913e-09,0,
0,3.48998e-09,6.64606e-09,9.13689e-09,1.07535e-08,1.12938e-08,1.07535e-08,9.13689e-09,6.64606e-09,3.48998e-09,0,
0,1.83692e-09,3.48998e-09,4.80913e-09,5.64691e-09,5.94441e-09,5.64691e-09,4.80913e-09,3.48998e-09,1.83692e-09,0,
0,0,0,0,0,0,0,0,0,0,0
Time = 0.034
0,0,0,0,0,0,0,0,0,0,0,
0,1.11213e-09,2.11294e-09,2.91159e-09,3.4188e-09,3.59892e-09,3.4188e-09,2.91159e-09,2.11294e-09,1.11213e-09,0,
0,2.11294e-09,4.02372e-09,5.53174e-09,6.51051e-09,6.83761e-09,6.51051e-09,5.53174e-09,4.02372e-09,2.11294e-09,0,
0,2.91159e-09,5.53174e-09,7.62264e-09,8.95054e-09,9.4221e-09,8.95054e-09,7.62264e-09,5.53174e-09,2.91159e-09,0,
0,3.4188e-09,6.51051e-09,8.95054e-09,1.05342e-08,1.10635e-08,1.05342e-08,8.95054e-09,6.51051e-09,3.4188e-09,0,
0,3.59892e-09,6.83761e-09,9.4221e-09,1.10635e-08,1.16464e-08,1.10635e-08,9.4221e-09,6.83761e-09,3.59892e-09,0,
0,3.4188e-09,6.51051e-09,8.95054e-09,1.05342e-08,1.10635e-08,1.05342e-08,8.95054e-09,6.51051e-09,3.4188e-09,0,
0,2.91159e-09,5.53174e-09,7.62264e-09,8.95054e-09,9.4221e-09,8.95054e-09,7.62264e-09,5.53174e-09,2.91159e-09,0,
0,2.11294e-09,4.02372e-09,5.53174e-09,6.51051e-09,6.83761e-09,6.51051e-09,5.53174e-09,4.02372e-09,2.11294e-09,0,
0,1.11213e-09,2.11294e-09,2.91159e-09,3.4188e-09,3.59892e-09,3.4188e-09,2.91159e-09,2.11294e-09,1.11213e-09,0,
0,0,0,0,0,0,0,0,0,0,0
Time = 0.035
0,0,0,0,0,0,0,0,0,0,0,
0,6.73314e-10,1.27923e-09,1.76276e-09,2.06984e-09,2.17889e-09,2.06984e-09,1.76276e-09,1.27923e-09,6.73314e-10,0,
0,1.27923e-09,2.43607e-09,3.34908e-09,3.94165e-09,4.13969e-09,3.94165e-09,3.34908e-09,2.43607e-09,1.27923e-09,0,
0,1.76276e-09,3.34908e-09,4.61497e-09,5.41892e-09,5.70441e-09,5.41892e-09,4.61497e-09,3.34908e-09,1.76276e-09,0,
0,2.06984e-09,3.94165e-09,5.41892e-09,6.37772e-09,6.69815e-09,6.37772e-09,5.41892e-09,3.94165e-09,2.06984e-09,0,
0,2.17889e-09,4.13969e-09,5.70441e-09,6.69815e-09,7.05104e-09,6.69815e-09,5.70441e-09,4.13969e-09,2.17889e-09,0,
0,2.06984e-09,3.94165e-09,5.41892e-09,6.37772e-09,6.69815e-09,6.37772e-09,5.41892e-09,3.94165e-09,2.06984e-09,0,
0,1.76276e-09,3.34908e-09,4.61497e-09,5.41892e-09,5.70441e-09,5.41892e-09,4.61497e-09,3.34908e-09,1.76276e-09,0,
0,1.27923e-09,2.43607e-09,3.34908e-09,3.94165e-09,4.13969e-09,3.94165e-09,3.34908e-09,2.43607e-09,1.27923e-09,0,
0,6.73314e-10,1.27923e-09,1.76276e-09,2.06984e-09,2.17889e-09,2.06984e-09,1.76276e-09,1.27923e-09,6.73314e-10,0,
0,0,0,0,0,0,0,0,0,0,0
Time = 0.036
0,0,0,0,0,0,0,0,0,0,0,
0,4.07644e-10,7.74485e-10,1.06723e-09,1.25314e-09,1.31916e-09,1.25314e-09,1.06723e-09,7.74485e-10,4.07644e-10,0,
0,7.74485e-10,1.47487e-09,2.02763e-09,2.38639e-09,2.50629e-09,2.38639e-09,2.02763e-09,1.47487e-09,7.74485e-10,0,
0,1.06723e-09,2.02763e-09,2.79403e-09,3.28077e-09,3.45362e-09,3.28077e-09,2.79403e-09,2.02763e-09,1.06723e-09,0,
0,1.25314e-09,2.38639e-09,3.28077e-09,3.86126e-09,4.05526e-09,3.86126e-09,3.28077e-09,2.38639e-09,1.25314e-09,0,
0,1.31916e-09,2.50629e-09,3.45362e-09,4.05526e-09,4.2689e-09,4.05526e-09,3.45362e-09,2.50629e-09,1.31916e-09,0,
0,1.25314e-09,2.38639e-09,3.28077e-09,3.86126e-09,4.05526e-09,3.86126e-09,3.28077e-09,2.38639e-09,1.25314e-09,0,
0,1.06723e-09,2.02763e-09,2.79403e-09,3.28077e-09,3.45362e-09,3.28077e-09,2.79403e-09,2.02763e-09,1.06723e-09,0,
0,7.74485e-10,1.47487e-09,2.02763e-09,2.38639e-09,2.50629e-09,2.38639e-09,2.02763e-09,1.47487e-09,7.74485e-10,0,
0,4.07644e-10,7.74485e-10,1.06723e-09,1.25314e-09,1.31916e-09,1.25314e-09,1.06723e-09,7.74485e-10,4.07644e-10,0,
0,0,0,0,0,0,0,0,0,0,0
Time = 0.037
0,0,0,0,0,0,0,0,0,0,0,
0,2.468e-10,4.68896e-10,6.4613e-10,7.58689e-10,7.9866e-10,7.58689e-10,6.4613e-10,4.68896e-10,2.468e-10,0,
0,4.68896e-10,8.92929e-10,1.22758e-09,1.44479e-09,1.51738e-09,1.44479e-09,1.22758e-09,8.92929e-10,4.68896e-10,0,
0,6.4613e-10,1.22758e-09,1.69159e-09,1.98627e-09,2.09092e-09,1.98627e-09,1.69159e-09,1.22758e-09,6.4613e-10,0,
0,7.58689e-10,1.44479e-09,1.98627e-09,2.33772e-09,2.45517e-09,2.33772e-09,1.98627e-09,1.44479e-09,7.58689e-10,0,
0,7.9866e-10,1.51738e-09,2.09092e-09,2.45517e-09,2.58452e-09,2.45517e-09,2.09092e-09,1.51738e-09,7.9866e-10,0,
0,7.58689e-10,1.44479e-09,1.98627e-09,2.33772e-09,2.45517e-09,2.33772e-09,1.98627e-09,1.44479e-09,7.58689e-10,0,
0,6.4613e-10,1.22758e-09,1.69159e-09,1.98627e-09,2.09092e-09,1.98627e-09,1.69159e-09,1.22758e-09,6.4613e-10,0,
0,4.68896e-10,8.92929e-10,1.22758e-09,1.44479e-09,1.51738e-09,1.44479e-09,1.22758e-09,8.92929e-10,4.68896e-10,0,
0,2.468e-10,4.68896e-10,6.4613e-10,7.58689e-10,7.9866e-10,7.58689e-10,6.4613e-10,4.68896e-10,2.468e-10,0,
0,0,0,0,0,0,0,0,0,0,0
Time = 0.038
0,0,0,0,0,0,0,0,0,0,0,
0,1.4942e-10,2.83883e-10,3.91186e-10,4.59332e-10,4.83532e-10,4.59332e-10,3.91186e-10,2.83883e-10,1.4942e-10,0,
0,2.83883e-10,5.40605e-10,7.43216e-10,8.74718e-10,9.18665e-10,8.74718e-10,7.43216e-10,5.40605e-10,2.83883e-10,0,
0,3.91186e-10,7.43216e-10,1.02414e-09,1.20255e-09,1.2659e-09,1.20255e-09,1.02414e-09,7.43216e-10,3.91186e-10,0,
0,4.59332e-10,8.74718e-10,1.20255e-09,1.41532e-09,1.48643e-09,1.41532e-09,1.20255e-09,8.74718e-10,4.59332e-10,0,
0,4.83532e-10,9.18665e-10,1.2659e-09,1.48643e-09,1.56474e-09,1.48643e-09,1.2659e-09,9.18665e-10,4.83532e-10,0,
0,4.59332e-10,8.74718e-10,1.20255e-09,1.41532e-09,1.48643e-09,1.41532e-09,1.20255e-09,8.74718e-10,4.59332e-10,0,
