Time = 0.01
0,0,0,0,0,0,
0,5.59017,9.04508,9.04508,5.59017,0,
0,9.04508,14.6353,14.6353,9.04508,0,
0,9.04508,14.6353,14.6353,9.04508,0,
0,5.59017,9.04508,9.04508,5.59017,0,
0,0,0,0,0,0
Time = 1
0,0,0,0,0,0,
0,4.31749e-09,6.98585e-09,6.98585e-09,4.31749e-09,0,
0,6.98585e-09,1.13033e-08,1.13033e-08,6.98585e-09,0,
0,6.98585e-09,1.13033e-08,1.13033e-08,6.98585e-09,0,
0,4.31749e-09,6.98585e-09,6.98585e-09,4.31749e-09,0,
0,0,0,0,0,0
Time = 2
0,0,0,0,0,0,
0,2.69772e-18,4.365e-18,4.365e-18,2.69772e-18,0,
0,4.365e-18,7.06271e-18,7.06271e-18,4.365e-18,0,
0,4.365e-18,7.06271e-18,7.06271e-18,4.365e-18,0,
0,2.69772e-18,4.365e-18,4.365e-18,2.69772e-18,0,
0,0,0,0,0,0
Time = 3
0,0,0,0,0,0,
0,1.68562e-27,2.7274e-27,2.7274e-27,1.68562e-27,0,
0,2.7274e-27,4.41302e-27,4.41302e-27,2.7274e-27,0,
0,2.7274e-27,4.41302e-27,4.41302e-27,2.7274e-27,0,
0,1.68562e-27,2.7274e-27,2.7274e-27,1.68562e-27,0,
0,0,0,0,0,0
Time = 4
0,0,0,0,0,0,
0,1.05323e-36,1.70417e-36,1.70417e-36,1.05323e-36,0,
0,1.70417e-36,2.7574e-36,2.7574e-36,1.70417e-36,0,
0,1.70417e-36,2.7574e-36,2.7574e-36,1.70417e-36,0,
0,1.05323e-36,1.70417e-36,1.70417e-36,1.05323e-36,0,
0,0,0,0,0,0
Time = 5
0,0,0,0,0,0,
0,6.58097e-46,1.06482e-45,1.06482e-45,6.58097e-46,0,
0,1.06482e-45,1.72292e-45,1.72292e-45,1.06482e-45,0,
0,1.06482e-45,1.72292e-45,1.72292e-45,1.06482e-45,0,
0,6.58097e-46,1.06482e-45,1.06482e-45,6.58097e-46,0,
0,0,0,0,0,0
Time = 6
0,0,0,0,0,0,
0,4.11201e-55,6.65337e-55,6.65337e-55,4.11201e-55,0,
0,6.65337e-55,1.07654e-54,1.07654e-54,6.65337e-55,0,
0,6.65337e-55,1.07654e-54,1.07654e-54,6.65337e-55,0,
0,4.11201e-55,6.65337e-55,6.65337e-55,4.11201e-55,0,
0,0,0,0,0,0
Time = 7
0,0,0,0,0,0,
0,2.56932e-64,4.15725e-64,4.15725e-64,2.56932e-64,0,
0,4.15725e-64,6.72657e-64,6.72657e-64,4.15725e-64,0,
0,4.15725e-64,6.72657e-64,6.72657e-64,4.15725e-64,0,
0,2.56932e-64,4.15725e-64,4.15725e-64,2.56932e-64,0,
0,0,0,0,0,0
Time = 8
0,0,0,0,0,0,
0,1.6054e-73,2.59759e-73,2.59759e-73,1.6054e-73,0,
0,2.59759e-73,4.20299e-73,4.20299e-73,2.59759e-73,0,
0,2.59759e-73,4.20299e-73,4.20299e-73,2.59759e-73,0,
0,1.6054e-73,2.59759e-73,2.59759e-73,1.6054e-73,0,
0,0,0,0,0,0
Time = 9
0,0,0,0,0,0,
0,1.00311e-82,1.62306e-82,1.62306e-82,1.00311e-82,0,
0,1.62306e-82,2.62617e-82,2.62617e-82,1.62306e-82,0,
0,1.62306e-82,2.62617e-82,2.62617e-82,1.62306e-82,0,
0,1.00311e-82,1.62306e-82,1.62306e-82,1.00311e-82,0,
0,0,0,0,0,0
Time = 10
0,0,0,0,0,0,
0,6.26775e-92,1.01414e-91,1.01414e-91,6.26775e-92,0,
0,1.01414e-91,1.64092e-91,1.64092e-91,1.01414e-91,0,
0,1.01414e-91,1.64092e-91,1.64092e-91,1.01414e-91,0,
0,6.26775e-92,1.01414e-91,1.01414e-91,6.26775e-92,0,
0,0,0,0,0,0
