Time = 0.0001
0,0,0,0,0,0,0,0,0,0,0,0,0,0,0,0,0,0,0,0,0,0,0,0,0,0,0,0,0,0,0,0,0,0,0,0,0,0,0,0,0,0,0,0,0,0,0,0,0,0,0,
0,0.0786974,0.157084,0.234851,0.311691,0.387301,0.461382,0.533643,0.603797,0.671569,0.73669,0.798904,0.857965,0.91364,0.965709,1.01397,1.05822,1.0983,1.13405,1.16532,1.19199,1.21396,1.23113,1.24345,1.25086,1.25333,1.25086,1.24345,1.23113,1.21396,1.19199,1.16532,1.13405,1.0983,1.05822,1.01397,0.965709,0.91364,0.857965,0.798904,0.73669,0.671569,0.603797,0.533643,0.461382,0.387301,0.311691,0.234851,0.157084,0.0786974,0,
0,0.157084,0.313548,0.468775,0.622152,0.773073,0.920944,1.06518,1.20521,1.34049,1.47047,1.59466,1.71254,1.82367,1.92761,2.02393,2.11227,2.19227,2.26362,2.32604,2.37928,2.42312,2.45741,2.48199,2.49678,2.50172,2.49678,2.48199,2.45741,2.42312,2.37928,2.32604,2.26362,2.19227,2.11227,2.02393,1.92761,1.82367,1.71254,1.59466,1.47047,1.34049,1.20521,1.06518,0.920944,0.773073,0.622152,0.468775,0.313548,0.157084,0,
0,0.234851,0.468775,0.700849,0.930158,1.1558,1.37687,1.59251,1.80187,2.00412,2.19845,2.38411,2.56036,2.72651,2.8819,3.02591,3.15798,3.27759,3.38426,3.47758,3.55717,3.62272,3.67398,3.71074,3.73285,3.74023,3.73285,3.71074,3.67398,3.62272,3.55717,3.47758,3.38426,3.27759,3.15798,3.02591,2.8819,2.72651,2.56036,2.38411,2.19845,2.00412,1.80187,1.59251,1.37687,1.1558,0.930158,0.700849,0.468775,0.234851,0,
0,0.311691,0.622152,0.930158,1.23449,1.53396,1.82736,2.11356,2.39142,2.65984,2.91776,3.16416,3.39808,3.61859,3.82481,4.01595,4.19123,4.34997,4.49155,4.61539,4.72103,4.80803,4.87606,4.92484,4.95419,4.96398,4.95419,4.92484,4.87606,4.80803,4.72103,4.61539,4.49155,4.34997,4.19123,4.01595,3.82481,3.61859,3.39808,3.16416,2.91776,2.65984,2.39142,2.11356,1.82736,1.53396,1.23449,0.930158,0.622152,0.311691,0,
0,0.387301,0.773073,1.1558,1.53396,1.90606,2.27065,2.62627,2.97153,3.30506,3.62554,3.93172,4.22239,4.49638,4.75264,4.99013,5.20794,5.40519,5.5811,5.735,5.86625,5.97436,6.05889,6.11951,6.15597,6.16814,6.15597,6.11951,6.05889,5.97436,5.86625,5.735,5.5811,5.40519,5.20794,4.99013,4.75264,4.49638,4.22239,3.93172,3.62554,3.30506,2.97153,2.62627,2.27065,1.90606,1.53396,1.1558,0.773073,0.387301,0,
0,0.461382,0.920944,1.37687,1.82736,2.27065,2.70497,3.12861,3.53991,3.93724,4.31902,4.68377,5.03003,5.35643,5.6617,5.94463,6.20409,6.43907,6.64864,6.83196,6.98833,7.11711,7.21781,7.29002,7.33346,7.34796,7.33346,7.29002,7.21781,7.11711,6.98833,6.83196,6.64864,6.43907,6.20409,5.94463,5.6617,5.35643,5.03003,4.68377,4.31902,3.93724,3.53991,3.12861,2.70497,2.27065,1.82736,1.37687,0.920944,0.461382,0,
0,0.533643,1.06518,1.59251,2.11356,2.62627,3.12861,3.61861,4.09432,4.55388,4.99546,5.41733,5.81782,6.19535,6.54842,6.87566,7.17576,7.44754,7.68993,7.90197,8.08282,8.23178,8.34825,8.43177,8.48201,8.49878,8.48201,8.43177,8.34825,8.23178,8.08282,7.90197,7.68993,7.44754,7.17576,6.87566,6.54842,6.19535,5.81782,5.41733,4.99546,4.55388,4.09432,3.61861,3.12861,2.62627,2.11356,1.59251,1.06518,0.533643,0,
0,0.603797,1.20521,1.80187,2.39142,2.97153,3.53991,4.09432,4.63257,5.15254,5.65218,6.12951,6.58265,7.00981,7.4093,7.77956,8.11911,8.42662,8.70087,8.94079,9.14542,9.31395,9.44573,9.54024,9.59709,9.61606,9.59709,9.54024,9.44573,9.31395,9.14542,8.94079,8.70087,8.42662,8.11911,7.77956,7.4093,7.00981,6.58265,6.12951,5.65218,5.15254,4.63257,4.09432,3.53991,2.97153,2.39142,1.80187,1.20521,0.603797,0,
0,0.671569,1.34049,2.00412,2.65984,3.30506,3.93724,4.55388,5.15254,5.73088,6.28659,6.8175,7.3215,7.7966,8.24094,8.65275,9.03042,9.37244,9.67748,9.94432,10.1719,10.3594,10.5059,10.6111,10.6743,10.6954,10.6743,10.6111,10.5059,10.3594,10.1719,9.94432,9.67748,9.37244,9.03042,8.65275,8.24094,7.7966,7.3215,6.8175,6.28659,5.73088,5.15254,4.55388,3.93724,3.30506,2.65984,2.00412,1.34049,0.671569,0,
0,0.73669,1.47047,2.19845,2.91776,3.62554,4.31902,4.99546,5.65218,6.28659,6.8962,7.47858,8.03145,8.55263,9.04005,9.4918,9.90608,10.2813,10.6159,10.9086,11.1583,11.3639,11.5247,11.64,11.7094,11.7325,11.7094,11.64,11.5247,11.3639,11.1583,10.9086,10.6159,10.2813,9.90608,9.4918,9.04005,8.55263,8.03145,7.47858,6.8962,6.28659,5.65218,4.99546,4.31902,3.62554,2.91776,2.19845,1.47047,0.73669,0,
0,0.798904,1.59466,2.38411,3.16416,3.93172,4.68377,5.41733,6.12951,6.8175,7.47858,8.11015,8.70971,9.2749,9.80349,10.2934,10.7427,11.1495,11.5124,11.8298,12.1006,12.3236,12.498,12.623,12.6982,12.7233,12.6982,12.623,12.498,12.3236,12.1006,11.8298,11.5124,11.1495,10.7427,10.2934,9.80349,9.2749,8.70971,8.11015,7.47858,6.8175,6.12951,5.41733,4.68377,3.93172,3.16416,2.38411,1.59466,0.798904,0,
0,0.857965,1.71254,2.56036,3.39808,4.22239,5.03003,5.81782,6.58265,7.3215,8.03145,8.70971,9.3536,9.96057,10.5282,11.0543,11.5368,11.9738,12.3635,12.7044,12.9952,13.2346,13.4219,13.5562,13.637,13.6639,13.637,13.5562,13.4219,13.2346,12.9952,12.7044,12.3635,11.9738,11.5368,11.0543,10.5282,9.96057,9.3536,8.70971,8.03145,7.3215,6.58265,5.81782,5.03003,4.22239,3.39808,2.56036,1.71254,0.857965,0,
0,0.91364,1.82367,2.72651,3.61859,4.49638,5.35643,6.19535,7.00981,7.7966,8.55263,9.2749,9.96057,10.6069,11.2114,11.7717,12.2855,12.7508,13.1658,13.5288,13.8384,14.0935,14.2929,14.4359,14.5219,14.5506,14.5219,14.4359,14.2929,14.0935,13.8384,13.5288,13.1658,12.7508,12.2855,11.7717,11.2114,10.6069,9.96057,9.2749,8.55263,7.7966,7.00981,6.19535,5.35643,4.49638,3.61859,2.72651,1.82367,0.91364,0,
0,0.965709,1.92761,2.8819,3.82481,4.75264,5.6617,6.54842,7.4093,8.24094,9.04005,9.80349,10.5282,11.2114,11.8504,12.4426,12.9856,13.4775,13.9161,14.2998,14.6271,14.8967,15.1074,15.2586,15.3495,15.3799,15.3495,15.2586,15.1074,14.8967,14.6271,14.2998,13.9161,13.4775,12.9856,12.4426,11.8504,11.2114,10.5282,9.80349,9.04005,8.24094,7.4093,6.54842,5.6617,4.75264,3.82481,2.8819,1.92761,0.965709,0,
0,1.01397,2.02393,3.02591,4.01595,4.99013,5.94463,6.87566,7.77956,8.65275,9.4918,10.2934,11.0543,11.7717,12.4426,13.0643,13.6346,14.151,14.6115,15.0144,15.3581,15.6411,15.8624,16.0211,16.1165,16.1484,16.1165,16.0211,15.8624,15.6411,15.3581,15.0144,14.6115,14.151,13.6346,13.0643,12.4426,11.7717,11.0543,10.2934,9.4918,8.65275,7.77956,6.87566,5.94463,4.99013,4.01595,3.02591,2.02393,1.01397,0,
0,1.05822,2.11227,3.15798,4.19123,5.20794,6.20409,7.17576,8.11911,9.03042,9.90608,10.7427,11.5368,12.2855,12.9856,13.6346,14.2297,14.7686,15.2493,15.6697,16.0284,16.3238,16.5547,16.7203,16.82,16.8532,16.82,16.7203,16.5547,16.3238,16.0284,15.6697,15.2493,14.7686,14.2297,13.6346,12.9856,12.2855,11.5368,10.7427,9.90608,9.03042,8.11911,7.17576,6.20409,5.20794,4.19123,3.15798,2.11227,1.05822,0,
0,1.0983,2.19227,3.27759,4.34997,5.40519,6.43907,7.44754,8.42662,9.37244,10.2813,11.1495,11.9738,12.7508,13.4775,14.151,14.7686,15.328,15.8268,16.2632,16.6355,16.942,17.1817,17.3536,17.457,17.4915,17.457,17.3536,17.1817,16.942,16.6355,16.2632,15.8268,15.328,14.7686,14.151,13.4775,12.7508,11.9738,11.1495,10.2813,9.37244,8.42662,7.44754,6.43907,5.40519,4.34997,3.27759,2.19227,1.0983,0,
0,1.13405,2.26362,3.38426,4.49155,5.5811,6.64864,7.68993,8.70087,9.67748,10.6159,11.5124,12.3635,13.1658,13.9161,14.6115,15.2493,15.8268,16.3419,16.7925,17.1769,17.4934,17.7409,17.9184,18.0252,18.0608,18.0252,17.9184,17.7409,17.4934,17.1769,16.7925,16.3419,15.8268,15.2493,14.6115,13.9161,13.1658,12.3635,11.5124,10.6159,9.67748,8.70087,7.68993,6.64864,5.5811,4.49155,3.38426,2.26362,1.13405,0,
0,1.16532,2.32604,3.47758,4.61539,5.735,6.83196,7.90197,8.94079,9.94432,10.9086,11.8298,12.7044,13.5288,14.2998,15.0144,15.6697,16.2632,16.7925,17.2556,17.6505,17.9758,18.2301,18.4125,18.5222,18.5588,18.5222,18.4125,18.2301,17.9758,17.6505,17.2556,16.7925,16.2632,15.6697,15.0144,14.2998,13.5288,12.7044,11.8298,10.9086,9.94432,8.94079,7.90197,6.83196,5.735,4.61539,3.47758,2.32604,1.16532,0,
0,1.19199,2.37928,3.55717,4.72103,5.86625,6.98833,8.08282,9.14542,10.1719,11.1583,12.1006,12.9952,13.8384,14.6271,15.3581,16.0284,16.6355,17.1769,17.6505,18.0545,18.3872,18.6473,18.8339,18.9461,18.9836,18.9461,18.8339,18.6473,18.3872,18.0545,17.6505,17.1769,16.6355,16.0284,15.3581,14.6271,13.8384,12.9952,12.1006,11.1583,10.1719,9.14542,8.08282,6.98833,5.86625,4.72103,3.55717,2.37928,1.19199,0,
0,1.21396,2.42312,3.62272,4.80803,5.97436,7.11711,8.23178,9.31395,10.3594,11.3639,12.3236,13.2346,14.0935,14.8967,15.6411,16.3238,16.942,17.4934,17.9758,18.3872,18.726,18.991,19.181,19.2953,19.3334,19.2953,19.181,18.991,18.726,18.3872,17.9758,17.4934,16.942,16.3238,15.6411,14.8967,14.0935,13.2346,12.3236,11.3639,10.3594,9.31395,8.23178,7.11711,5.97436,4.80803,3.62272,2.42312,1.21396,0,
0,1.23113,2.45741,3.67398,4.87606,6.05889,7.21781,8.34825,9.44573,10.5059,11.5247,12.498,13.4219,14.2929,15.1074,15.8624,16.5547,17.1817,17.7409,18.2301,18.6473,18.991,19.2597,19.4524,19.5683,19.607,19.5683,19.4524,19.2597,18.991,18.6473,18.2301,17.7409,17.1817,16.5547,15.8624,15.1074,14.2929,13.4219,12.498,11.5247,10.5059,9.44573,8.34825,7.21781,6.05889,4.87606,3.67398,2.45741,1.23113,0,
0,1.24345,2.48199,3.71074,4.92484,6.11951,7.29002,8.43177,9.54024,10.6111,11.64,12.623,13.5562,14.4359,15.2586,16.0211,16.7203,17.3536,17.9184,18.4125,18.8339,19.181,19.4524,19.647,19.7641,19.8031,19.7641,19.647,19.4524,19.181,18.8339,18.4125,17.9184,17.3536,16.7203,16.0211,15.2586,14.4359,13.5562,12.623,11.64,10.6111,9.54024,8.43177,7.29002,6.11951,4.92484,3.71074,2.48199,1.24345,0,
0,1.25086,2.49678,3.73285,4.95419,6.15597,7.33346,8.48201,9.59709,10.6743,11.7094,12.6982,13.637,14.5219,15.3495,16.1165,16.82,17.457,18.0252,18.5222,18.9461,19.2953,19.5683,19.7641,19.8818,19.9211,19.8818,19.7641,19.5683,19.2953,18.9461,18.5222,18.0252,17.457,16.82,16.1165,15.3495,14.5219,13.637,12.6982,11.7094,10.6743,9.59709,8.48201,7.33346,6.15597,4.95419,3.73285,2.49678,1.25086,0,
0,1.25333,2.50172,3.74023,4.96398,6.16814,7.34796,8.49878,9.61606,10.6954,11.7325,12.7233,13.6639,14.5506,15.3799,16.1484,16.8532,17.4915,18.0608,18.5588,18.9836,19.3334,19.607,19.8031,19.9211,19.9605,19.9211,19.8031,19.607,19.3334,18.9836,18.5588,18.0608,17.4915,16.8532,16.1484,15.3799,14.5506,13.6639,12.7233,11.7325,10.6954,9.61606,8.49878,7.34796,6.16814,4.96398,3.74023,2.50172,1.25333,0,
0,1.25086,2.49678,3.73285,4.95419,6.15597,7.33346,8.48201,9.59709,10.6743,11.7094,12.6982,13.637,14.5219,15.3495,16.1165,16.82,17.457,18.0252,18.5222,18.9461,19.2953,19.5683,19.7641,19.8818,19.9211,19.8818,19.7641,19.5683,19.2953,18.9461,18.5222,18.0252,17.457,16.82,16.1165,15.3495,14.5219,13.637,12.6982,11.7094,10.6743,9.59709,8.48201,7.33346,6.15597,4.95419,3.73285,2.49678,1.25086,0,
0,1.24345,2.48199,3.71074,4.92484,6.11951,7.29002,8.43177,9.54024,10.6111,11.64,12.623,13.5562,14.4359,15.2586,16.0211,16.7203,17.3536,17.9184,18.4125,18.8339,19.181,19.4524,19.647,19.7641,19.8031,19.7641,19.647,19.4524,19.181,18.8339,18.4125,17.9184,17.3536,16.7203,16.0211,15.2586,14.4359,13.5562,12.623,11.64,10.6111,9.54024,8.43177,7.29002,6.11951,4.92484,3.71074,2.48199,1.24345,0,
0,1.23113,2.45741,3.67398,4.87606,6.05889,7.21781,8.34825,9.44573,10.5059,11.5247,12.498,13.4219,14.2929,15.1074,15.8624,16.5547,17.1817,17.7409,18.2301,18.6473,18.991,19.2597,19.4524,19.5683,19.607,19.5683,19.4524,19.2597,18.991,18.6473,18.2301,17.7409,17.1817,16.5547,15.8624,15.1074,14.2929,13.4219,12.498,11.5247,10.5059,9.44573,8.34825,7.21781,6.05889,4.87606,3.67398,2.45741,1.23113,0,
0,1.21396,2.42312,3.62272,4.80803,5.97436,7.11711,8.23178,9.31395,10.3594,11.3639,12.3236,13.2346,14.0935,14.8967,15.6411,16.3238,16.942,17.4934,17.9758,18.3872,18.726,18.991,19.181,19.2953,19.3334,19.2953,19.181,18.991,18.726,18.3872,17.9758,17.4934,16.942,16.3238,15.6411,14.8967,14.0935,13.2346,12.3236,11.3639,10.3594,9.31395,8.23178,7.11711,5.97436,4.80803,3.62272,2.42312,1.21396,0,
0,1.19199,2.37928,3.55717,4.72103,5.86625,6.98833,8.08282,9.14542,10.1719,11.1583,12.1006,12.9952,13.8384,14.6271,15.3581,16.0284,16.6355,17.1769,17.6505,18.0545,18.3872,18.6473,18.8339,18.9461,18.9836,18.9461,18.8339,18.6473,18.3872,18.0545,17.6505,17.1769,16.6355,16.0284,15.3581,14.6271,13.8384,12.9952,12.1006,11.1583,10.1719,9.14542,8.08282,6.98833,5.86625,4.72103,3.55717,2.37928,1.19199,0,
0,1.16532,2.32604,3.47758,4.61539,5.735,6.83196,7.90197,8.94079,9.94432,10.9086,11.8298,12.7044,13.5288,14.2998,15.0144,15.6697,16.2632,16.7925,17.2556,17.6505,17.9758,18.2301,18.4125,18.5222,18.5588,18.5222,18.4125,18.2301,17.9758,17.6505,17.2556,16.7925,16.2632,15.6697,15.0144,14.2998,13.5288,12.7044,11.8298,10.9086,9.94432,8.94079,7.90197,6.83196,5.735,4.61539,3.47758,2.32604,1.16532,0,
0,1.13405,2.26362,3.38426,4.49155,5.5811,6.64864,7.68993,8.70087,9.67748,10.6159,11.5124,12.3635,13.1658,13.9161,14.6115,15.2493,15.8268,16.3419,16.7925,17.1769,17.4934,17.7409,17.9184,18.0252,18.0608,18.0252,17.9184,17.7409,17.4934,17.1769,16.7925,16.3419,15.8268,15.2493,14.6115,13.9161,13.1658,12.3635,11.5124,10.6159,9.67748,8.70087,7.68993,6.64864,5.5811,4.49155,3.38426,2.26362,1.13405,0,
0,1.0983,2.19227,3.27759,4.34997,5.40519,6.43907,7.44754,8.42662,9.37244,10.2813,11.1495,11.9738,12.7508,13.4775,14.151,14.7686,15.328,15.8268,16.2632,16.6355,16.942,17.1817,17.3536,17.457,17.4915,17.457,17.3536,17.1817,16.942,16.6355,16.2632,15.8268,15.328,14.7686,14.151,13.4775,12.7508,11.9738,11.1495,10.2813,9.37244,8.42662,7.44754,6.43907,5.40519,4.34997,3.27759,2.19227,1.0983,0,
0,1.05822,2.11227,3.15798,4.19123,5.20794,6.20409,7.17576,8.11911,9.03042,9.90608,10.7427,11.5368,12.2855,12.9856,13.6346,14.2297,14.7686,15.2493,15.6697,16.0284,16.3238,16.5547,16.7203,16.82,16.8532,16.82,16.7203,16.5547,16.3238,16.0284,15.6697,15.2493,14.7686,14.2297,13.6346,12.9856,12.2855,11.5368,10.7427,9.90608,9.03042,8.11911,7.17576,6.20409,5.20794,4.19123,3.15798,2.11227,1.05822,0,
0,1.01397,2.02393,3.02591,4.01595,4.99013,5.94463,6.87566,7.77956,8.65275,9.4918,10.2934,11.0543,11.7717,12.4426,13.0643,13.6346,14.151,14.6115,15.0144,15.3581,15.6411,15.8624,16.0211,16.1165,16.1484,16.1165,16.0211,15.8624,15.6411,15.3581,15.0144,14.6115,14.151,13.6346,13.0643,12.4426,11.7717,11.0543,10.2934,9.4918,8.65275,7.77956,6.87566,5.94463,4.99013,4.01595,3.02591,2.02393,1.01397,0,
0,0.965709,1.92761,2.8819,3.82481,4.75264,5.6617,6.54842,7.4093,8.24094,9.04005,9.80349,10.5282,11.2114,11.8504,12.4426,12.9856,13.4775,13.9161,14.2998,14.6271,14.8967,15.1074,15.2586,15.3495,15.3799,15.3495,15.2586,15.1074,14.8967,14.6271,14.2998,13.9161,13.4775,12.9856,12.4426,11.8504,11.2114,10.5282,9.80349,9.04005,8.24094,7.4093,6.54842,5.6617,4.75264,3.82481,2.8819,1.92761,0.965709,0,
0,0.91364,1.82367,2.72651,3.61859,4.49638,5.35643,6.19535,7.00981,7.7966,8.55263,9.2749,9.96057,10.6069,11.2114,11.7717,12.2855,12.7508,13.1658,13.5288,13.8384,14.0935,14.2929,14.4359,14.5219,14.5506,14.5219,14.4359,14.2929,14.0935,13.8384,13.5288,13.1658,12.7508,12.2855,11.7717,11.2114,10.6069,9.96057,9.2749,8.55263,7.7966,7.00981,6.19535,5.35643,4.49638,3.61859,2.72651,1.82367,0.91364,0,
0,0.857965,1.71254,2.56036,3.39808,4.22239,5.03003,5.81782,6.58265,7.3215,8.03145,8.70971,9.3536,9.96057,10.5282,11.0543,11.5368,11.9738,12.3635,12.7044,12.9952,13.2346,13.4219,13.5562,13.637,13.6639,13.637,13.5562,13.4219,13.2346,12.9952,12.7044,12.3635,11.9738,11.5368,11.0543,10.5282,9.96057,9.3536,8.70971,8.03145,7.3215,6.58265,5.81782,5.03003,4.22239,3.39808,2.56036,1.71254,0.857965,0,
0,0.798904,1.59466,2.38411,3.16416,3.93172,4.68377,5.41733,6.12951,6.8175,7.47858,8.11015,8.70971,9.2749,9.80349,10.2934,10.7427,11.1495,11.5124,11.8298,12.1006,12.3236,12.498,12.623,12.6982,12.7233,12.6982,12.623,12.498,12.3236,12.1006,11.8298,11.5124,11.1495,10.7427,10.2934,9.80349,9.2749,8.70971,8.11015,7.47858,6.8175,6.12951,5.41733,4.68377,3.93172,3.16416,2.38411,1.59466,0.798904,0,
0,0.73669,1.47047,2.19845,2.91776,3.62554,4.31902,4.99546,5.65218,6.28659,6.8962,7.47858,8.03145,8.55263,9.04005,9.4918,9.90608,10.2813,10.6159,10.9086,11.1583,11.3639,11.5247,11.64,11.7094,11.7325,11.7094,11.64,11.5247,11.3639,11.1583,10.9086,10.6159,10.2813,9.90608,9.4918,9.04005,8.55263,8.03145,7.47858,6.8962,6.28659,5.65218,4.99546,4.31902,3.62554,2.91776,2.19845,1.47047,0.73669,0,
0,0.671569,1.34049,2.00412,2.65984,3.30506,3.93724,4.55388,5.15254,5.73088,6.28659,6.8175,7.3215,7.7966,8.24094,8.65275,9.03042,9.37244,9.67748,9.94432,10.1719,10.3594,10.5059,10.6111,10.6743,10.6954,10.6743,10.6111,10.5059,10.3594,10.1719,9.94432,9.67748,9.37244,9.03042,8.65275,8.24094,7.7966,7.3215,6.8175,6.28659,5.73088,5.15254,4.55388,3.93724,3.30506,2.65984,2.00412,1.34049,0.671569,0,
0,0.603797,1.20521,1.80187,2.39142,2.97153,3.53991,4.09432,4.63257,5.15254,5.65218,6.12951,6.58265,7.00981,7.4093,7.77956,8.11911,8.42662,8.70087,8.94079,9.14542,9.31395,9.44573,9.54024,9.59709,9.61606,9.59709,9.54024,9.44573,9.31395,9.14542,8.94079,8.70087,8.42662,8.11911,7.77956,7.4093,7.00981,6.58265,6.12951,5.65218,5.15254,4.63257,4.09432,3.53991,2.97153,2.39142,1.80187,1.20521,0.603797,0,
0,0.533643,1.06518,1.59251,2.11356,2.62627,3.12861,3.61861,4.09432,4.55388,4.99546,5.41733,5.81782,6.19535,6.54842,6.87566,7.17576,7.44754,7.68993,7.90197,8.08282,8.23178,8.34825,8.43177,8.48201,8.49878,8.48201,8.43177,8.34825,8.23178,8.08282,7.90197,7.68993,7.44754,7.17576,6.87566,6.54842,6.19535,5.81782,5.41733,4.99546,4.55388,4.09432,3.61861,3.12861,2.62627,2.11356,1.59251,1.06518,0.533643,0,
0,0.461382,0.920944,1.37687,1.82736,2.27065,2.70497,3.12861,3.53991,3.93724,4.31902,4.68377,5.03003,5.35643,5.6617,5.94463,6.20409,6.43907,6.64864,6.83196,6.98833,7.11711,7.21781,7.29002,7.33346,7.34796,7.33346,7.29002,7.21781,7.11711,6.98833,6.83196,6.64864,6.43907,6.20409,5.94463,5.6617,5.35643,5.03003,4.68377,4.31902,3.93724,3.53991,3.12861,2.70497,2.27065,1.82736,1.37687,0.920944,0.461382,0,
0,0.387301,0.773073,1.1558,1.53396,1.90606,2.27065,2.62627,2.97153,3.30506,3.62554,3.93172,4.22239,4.49638,4.75264,4.99013,5.20794,5.40519,5.5811,5.735,5.86625,5.97436,6.05889,6.11951,6.15597,6.16814,6.15597,6.11951,6.05889,5.97436,5.86625,5.735,5.5811,5.40519,5.20794,4.99013,4.75264,4.49638,4.22239,3.93172,3.62554,3.30506,2.97153,2.62627,2.27065,1.90606,1.53396,1.1558,0.773073,0.387301,0,
0,0.311691,0.622152,0.930158,1.23449,1.53396,1.82736,2.11356,2.39142,2.65984,2.91776,3.16416,3.39808,3.61859,3.82481,4.01595,4.19123,4.34997,4.49155,4.61539,4.72103,4.80803,4.87606,4.92484,4.95419,4.96398,4.95419,4.92484,4.87606,4.80803,4.72103,4.61539,4.49155,4.34997,4.19123,4.01595,3.82481,3.61859,3.39808,3.16416,2.91776,2.65984,2.39142,2.11356,1.82736,1.53396,1.23449,0.930158,0.622152,0.311691,0,
0,0.234851,0.468775,0.700849,0.930158,1.1558,1.37687,1.59251,1.80187,2.00412,2.19845,2.38411,2.56036,2.72651,2.8819,3.02591,3.15798,3.27759,3.38426,3.47758,3.55717,3.62272,3.67398,3.71074,3.73285,3.74023,3.73285,3.71074,3.67398,3.62272,3.55717,3.47758,3.38426,3.27759,3.15798,3.02591,2.8819,2.72651,2.56036,2.38411,2.19845,2.00412,1.80187,1.59251,1.37687,1.1558,0.930158,0.700849,0.468775,0.234851,0,
0,0.157084,0.313548,0.468775,0.622152,0.773073,0.920944,1.06518,1.20521,1.34049,1.47047,1.59466,1.71254,1.82367,1.92761,2.02393,2.11227,2.19227,2.26362,2.32604,2.37928,2.42312,2.45741,2.48199,2.49678,2.50172,2.49678,2.48199,2.45741,2.42312,2.37928,2.32604,2.26362,2.19227,2.11227,2.02393,1.92761,1.82367,1.71254,1.59466,1.47047,1.34049,1.20521,1.06518,0.920944,0.773073,0.622152,0.468775,0.313548,0.157084,0,
0,0.0786974,0.157084,0.234851,0.311691,0.387301,0.461382,0.533643,0.603797,0.671569,0.73669,0.798904,0.857965,0.91364,0.965709,1.01397,1.05822,1.0983,1.13405,1.16532,1.19199,1.21396,1.23113,1.24345,1.25086,1.25333,1.25086,1.24345,1.23113,1.21396,1.19199,1.16532,1.13405,1.0983,1.05822,1.01397,0.965709,0.91364,0.857965,0.798904,0.73669,0.671569,0.603797,0.533643,0.461382,0.387301,0.311691,0.234851,0.157084,0.0786974,0,
0,0,0,0,0,0,0,0,0,0,0,0,0,0,0,0,0,0,0,0,0,0,0,0,0,0,0,0,0,0,0,0,0,0,0,0,0,0,0,0,0,0,0,0,0,0,0,0,0,0,0
Time = 0.01
0,0,0,0,0,0,0,0,0,0,0,0,0,0,0,0,0,0,0,0,0,0,0,0,0,0,0,0,0,0,0,0,0,0,0,0,0,0,0,0,0,0,0,0,0,0,0,0,0,0,0,
0,0.0647195,0.129184,0.193138,0.25633,0.31851,0.379434,0.43886,0.496554,0.552288,0.605843,0.657007,0.705577,0.751364,0.794185,0.833871,0.870267,0.903228,0.932625,0.958341,0.980274,0.998339,1.01246,1.02259,1.02869,1.03072,1.02869,1.02259,1.01246,0.998339,0.980274,0.958341,0.932625,0.903228,0.870267,0.833871,0.794185,0.751364,0.705577,0.657007,0.605843,0.552288,0.496554,0.43886,0.379434,0.31851,0.25633,0.193138,0.129184,0.0647195,0,
0,0.129184,0.257857,0.385514,0.511648,0.635764,0.75737,0.875988,0.991148,1.1024,1.20929,1.31142,1.40837,1.49976,1.58523,1.66445,1.7371,1.80289,1.86157,1.9129,1.95668,1.99274,2.02093,2.04115,2.05332,2.05738,2.05332,2.04115,2.02093,1.99274,1.95668,1.9129,1.86157,1.80289,1.7371,1.66445,1.58523,1.49976,1.40837,1.31142,1.20929,1.1024,0.991148,0.875988,0.75737,0.635764,0.511648,0.385514,0.257857,0.129184,0,
0,0.193138,0.385514,0.576368,0.764948,0.950508,1.13232,1.30966,1.48183,1.64815,1.80797,1.96066,2.1056,2.24224,2.37003,2.48846,2.59708,2.69544,2.78317,2.85991,2.92536,2.97927,3.02143,3.05165,3.06984,3.07591,3.06984,3.05165,3.02143,2.97927,2.92536,2.85991,2.78317,2.69544,2.59708,2.48846,2.37003,2.24224,2.1056,1.96066,1.80797,1.64815,1.48183,1.30966,1.13232,0.950508,0.764948,0.576368,0.385514,0.193138,0,
0,0.25633,0.511648,0.764948,1.01523,1.2615,1.5028,1.73816,1.96667,2.18741,2.39952,2.60216,2.79453,2.97587,3.14547,3.30265,3.4468,3.57735,3.69378,3.79563,3.8825,3.95405,4.01,4.05011,4.07425,4.0823,4.07425,4.05011,4.01,3.95405,3.8825,3.79563,3.69378,3.57735,3.4468,3.30265,3.14547,2.97587,2.79453,2.60216,2.39952,2.18741,1.96667,1.73816,1.5028,1.2615,1.01523,0.764948,0.511648,0.25633,0,
0,0.31851,0.635764,0.950508,1.2615,1.56752,1.86734,2.1598,2.44374,2.71803,2.98159,3.23339,3.47243,3.69776,3.9085,4.10381,4.28293,4.44514,4.58981,4.71637,4.82432,4.91322,4.98274,5.03259,5.06258,5.07259,5.06258,5.03259,4.98274,4.91322,4.82432,4.71637,4.58981,4.44514,4.28293,4.10381,3.9085,3.69776,3.47243,3.23339,2.98159,2.71803,2.44374,2.1598,1.86734,1.56752,1.2615,0.950508,0.635764,0.31851,0,
0,0.379434,0.75737,1.13232,1.5028,1.86734,2.22452,2.57292,2.91117,3.23792,3.5519,3.85186,4.13662,4.40505,4.6561,4.88877,5.10215,5.29539,5.46774,5.6185,5.74709,5.85301,5.93582,5.9952,6.03093,6.04285,6.03093,5.9952,5.93582,5.85301,5.74709,5.6185,5.46774,5.29539,5.10215,4.88877,4.6561,4.40505,4.13662,3.85186,3.5519,3.23792,2.91117,2.57292,2.22452,1.86734,1.5028,1.13232,0.75737,0.379434,0,
0,0.43886,0.875988,1.30966,1.73816,2.1598,2.57292,2.97589,3.36711,3.74504,4.10819,4.45513,4.78448,5.09496,5.38532,5.65444,5.90124,6.12474,6.32408,6.49846,6.64719,6.76969,6.86547,6.93416,6.97548,6.98927,6.97548,6.93416,6.86547,6.76969,6.64719,6.49846,6.32408,6.12474,5.90124,5.65444,5.38532,5.09496,4.78448,4.45513,4.10819,3.74504,3.36711,2.97589,2.57292,2.1598,1.73816,1.30966,0.875988,0.43886,0,
0,0.496554,0.991148,1.48183,1.96667,2.44374,2.91117,3.36711,3.80976,4.23737,4.64827,5.04081,5.41347,5.76476,6.0933,6.39779,6.67703,6.92992,7.15546,7.35277,7.52105,7.65965,7.76803,7.84574,7.8925,7.9081,7.8925,7.84574,7.76803,7.65965,7.52105,7.35277,7.15546,6.92992,6.67703,6.39779,6.0933,5.76476,5.41347,5.04081,4.64827,4.23737,3.80976,3.36711,2.91117,2.44374,1.96667,1.48183,0.991148,0.496554,0,
0,0.552288,1.1024,1.64815,2.18741,2.71803,3.23792,3.74504,4.23737,4.71299,5.17,5.60661,6.02109,6.41181,6.77722,7.11589,7.42648,7.70775,7.95861,8.17806,8.36523,8.51939,8.63993,8.72637,8.77837,8.79573,8.77837,8.72637,8.63993,8.51939,8.36523,8.17806,7.95861,7.70775,7.42648,7.11589,6.77722,6.41181,6.02109,5.60661,5.17,4.71299,4.23737,3.74504,3.23792,2.71803,2.18741,1.64815,1.1024,0.552288,0,
0,0.605843,1.20929,1.80797,2.39952,2.98159,3.5519,4.10819,4.64827,5.17,5.67133,6.15027,6.60495,7.03355,7.4344,7.80591,8.14661,8.45516,8.73035,8.97107,9.1764,9.34551,9.47773,9.57255,9.6296,9.64864,9.6296,9.57255,9.47773,9.34551,9.1764,8.97107,8.73035,8.45516,8.14661,7.80591,7.4344,7.03355,6.60495,6.15027,5.67133,5.17,4.64827,4.10819,3.5519,2.98159,2.39952,1.80797,1.20929,0.605843,0,
0,0.657007,1.31142,1.96066,2.60216,3.23339,3.85186,4.45513,5.04081,5.60661,6.15027,6.66967,7.16274,7.62754,8.06224,8.46512,8.8346,9.16921,9.46763,9.72869,9.95135,10.1347,10.2781,10.381,10.4428,10.4635,10.4428,10.381,10.2781,10.1347,9.95135,9.72869,9.46763,9.16921,8.8346,8.46512,8.06224,7.62754,7.16274,6.66967,6.15027,5.60661,5.04081,4.45513,3.85186,3.23339,2.60216,1.96066,1.31142,0.657007,0,
0,0.705577,1.40837,2.1056,2.79453,3.47243,4.13662,4.78448,5.41347,6.02109,6.60495,7.16274,7.69226,8.19142,8.65826,9.09093,9.48772,9.84706,10.1675,10.4479,10.687,10.884,11.038,11.1484,11.2148,11.237,11.2148,11.1484,11.038,10.884,10.687,10.4479,10.1675,9.84706,9.48772,9.09093,8.65826,8.19142,7.69226,7.16274,6.60495,6.02109,5.41347,4.78448,4.13662,3.47243,2.79453,2.1056,1.40837,0.705577,0,
0,0.751364,1.49976,2.24224,2.97587,3.69776,4.40505,5.09496,5.76476,6.41181,7.03355,7.62754,8.19142,8.72298,9.22011,9.68086,10.1034,10.4861,10.8273,11.1259,11.3805,11.5903,11.7542,11.8718,11.9426,11.9662,11.9426,11.8718,11.7542,11.5903,11.3805,11.1259,10.8273,10.4861,10.1034,9.68086,9.22011,8.72298,8.19142,7.62754,7.03355,6.41181,5.76476,5.09496,4.40505,3.69776,2.97587,2.24224,1.49976,0.751364,0,
0,0.794185,1.58523,2.37003,3.14547,3.9085,4.6561,5.38532,6.0933,6.77722,7.4344,8.06224,8.65826,9.22011,9.74557,10.2326,10.6792,11.0837,11.4444,11.76,12.0291,12.2508,12.4241,12.5484,12.6232,12.6482,12.6232,12.5484,12.4241,12.2508,12.0291,11.76,11.4444,11.0837,10.6792,10.2326,9.74557,9.22011,8.65826,8.06224,7.4344,6.77722,6.0933,5.38532,4.6561,3.9085,3.14547,2.37003,1.58523,0.794185,0,
0,0.833871,1.66445,2.48846,3.30265,4.10381,4.88877,5.65444,6.39779,7.11589,7.80591,8.46512,9.09093,9.68086,10.2326,10.7439,11.2129,11.6375,12.0163,12.3476,12.6302,12.863,13.045,13.1755,13.254,13.2802,13.254,13.1755,13.045,12.863,12.6302,12.3476,12.0163,11.6375,11.2129,10.7439,10.2326,9.68086,9.09093,8.46512,7.80591,7.11589,6.39779,5.65444,4.88877,4.10381,3.30265,2.48846,1.66445,0.833871,0,
0,0.870267,1.7371,2.59708,3.4468,4.28293,5.10215,5.90124,6.67703,7.42648,8.14661,8.8346,9.48772,10.1034,10.6792,11.2129,11.7023,12.1455,12.5408,12.8866,13.1815,13.4244,13.6143,13.7506,13.8325,13.8598,13.8325,13.7506,13.6143,13.4244,13.1815,12.8866,12.5408,12.1455,11.7023,11.2129,10.6792,10.1034,9.48772,8.8346,8.14661,7.42648,6.67703,5.90124,5.10215,4.28293,3.4468,2.59708,1.7371,0.870267,0,
0,0.903228,1.80289,2.69544,3.57735,4.44514,5.29539,6.12474,6.92992,7.70775,8.45516,9.16921,9.84706,10.4861,11.0837,11.6375,12.1455,12.6055,13.0157,13.3746,13.6807,13.9329,14.13,14.2714,14.3564,14.3848,14.3564,14.2714,14.13,13.9329,13.6807,13.3746,13.0157,12.6055,12.1455,11.6375,11.0837,10.4861,9.84706,9.16921,8.45516,7.70775,6.92992,6.12474,5.29539,4.44514,3.57735,2.69544,1.80289,0.903228,0,
0,0.932625,1.86157,2.78317,3.69378,4.58981,5.46774,6.32408,7.15546,7.95861,8.73035,9.46763,10.1675,10.8273,11.4444,12.0163,12.5408,13.0157,13.4394,13.8099,14.126,14.3863,14.5899,14.7358,14.8236,14.853,14.8236,14.7358,14.5899,14.3863,14.126,13.8099,13.4394,13.0157,12.5408,12.0163,11.4444,10.8273,10.1675,9.46763,8.73035,7.95861,7.15546,6.32408,5.46774,4.58981,3.69378,2.78317,1.86157,0.932625,0,
0,0.958341,1.9129,2.85991,3.79563,4.71637,5.6185,6.49846,7.35277,8.17806,8.97107,9.72869,10.4479,11.1259,11.76,12.3476,12.8866,13.3746,13.8099,14.1907,14.5155,14.783,14.9922,15.1422,15.2324,15.2625,15.2324,15.1422,14.9922,14.783,14.5155,14.1907,13.8099,13.3746,12.8866,12.3476,11.76,11.1259,10.4479,9.72869,8.97107,8.17806,7.35277,6.49846,5.6185,4.71637,3.79563,2.85991,1.9129,0.958341,0,
0,0.980274,1.95668,2.92536,3.8825,4.82432,5.74709,6.64719,7.52105,8.36523,9.1764,9.95135,10.687,11.3805,12.0291,12.6302,13.1815,13.6807,14.126,14.5155,14.8477,15.1213,15.3353,15.4887,15.581,15.6118,15.581,15.4887,15.3353,15.1213,14.8477,14.5155,14.126,13.6807,13.1815,12.6302,12.0291,11.3805,10.687,9.95135,9.1764,8.36523,7.52105,6.64719,5.74709,4.82432,3.8825,2.92536,1.95668,0.980274,0,
0,0.998339,1.99274,2.97927,3.95405,4.91322,5.85301,6.76969,7.65965,8.51939,9.34551,10.1347,10.884,11.5903,12.2508,12.863,13.4244,13.9329,14.3863,14.783,15.1213,15.4,15.6179,15.7742,15.8682,15.8995,15.8682,15.7742,15.6179,15.4,15.1213,14.783,14.3863,13.9329,13.4244,12.863,12.2508,11.5903,10.884,10.1347,9.34551,8.51939,7.65965,6.76969,5.85301,4.91322,3.95405,2.97927,1.99274,0.998339,0,
0,1.01246,2.02093,3.02143,4.01,4.98274,5.93582,6.86547,7.76803,8.63993,9.47773,10.2781,11.038,11.7542,12.4241,13.045,13.6143,14.13,14.5899,14.9922,15.3353,15.6179,15.8389,15.9973,16.0927,16.1245,16.0927,15.9973,15.8389,15.6179,15.3353,14.9922,14.5899,14.13,13.6143,13.045,12.4241,11.7542,11.038,10.2781,9.47773,8.63993,7.76803,6.86547,5.93582,4.98274,4.01,3.02143,2.02093,1.01246,0,
0,1.02259,2.04115,3.05165,4.05011,5.03259,5.9952,6.93416,7.84574,8.72637,9.57255,10.381,11.1484,11.8718,12.5484,13.1755,13.7506,14.2714,14.7358,15.1422,15.4887,15.7742,15.9973,16.1574,16.2537,16.2858,16.2537,16.1574,15.9973,15.7742,15.4887,15.1422,14.7358,14.2714,13.7506,13.1755,12.5484,11.8718,11.1484,10.381,9.57255,8.72637,7.84574,6.93416,5.9952,5.03259,4.05011,3.05165,2.04115,1.02259,0,
0,1.02869,2.05332,3.06984,4.07425,5.06258,6.03093,6.97548,7.8925,8.77837,9.6296,10.4428,11.2148,11.9426,12.6232,13.254,13.8325,14.3564,14.8236,15.2324,15.581,15.8682,16.0927,16.2537,16.3505,16.3828,16.3505,16.2537,16.0927,15.8682,15.581,15.2324,14.8236,14.3564,13.8325,13.254,12.6232,11.9426,11.2148,10.4428,9.6296,8.77837,7.8925,6.97548,6.03093,5.06258,4.07425,3.06984,2.05332,1.02869,0,
0,1.03072,2.05738,3.07591,4.0823,5.07259,6.04285,6.98927,7.9081,8.79573,9.64864,10.4635,11.237,11.9662,12.6482,13.2802,13.8598,14.3848,14.853,15.2625,15.6118,15.8995,16.1245,16.2858,16.3828,16.4152,16.3828,16.2858,16.1245,15.8995,15.6118,15.2625,14.853,14.3848,13.8598,13.2802,12.6482,11.9662,11.237,10.4635,9.64864,8.79573,7.9081,6.98927,6.04285,5.07259,4.0823,3.07591,2.05738,1.03072,0,
0,1.02869,2.05332,3.06984,4.07425,5.06258,6.03093,6.97548,7.8925,8.77837,9.6296,10.4428,11.2148,11.9426,12.6232,13.254,13.8325,14.3564,14.8236,15.2324,15.581,15.8682,16.0927,16.2537,16.3505,16.3828,16.3505,16.2537,16.0927,15.8682,15.581,15.2324,14.8236,14.3564,13.8325,13.254,12.6232,11.9426,11.2148,10.4428,9.6296,8.77837,7.8925,6.97548,6.03093,5.06258,4.07425,3.06984,2.05332,1.02869,0,
0,1.02259,2.04115,3.05165,4.05011,5.03259,5.9952,6.93416,7.84574,8.72637,9.57255,10.381,11.1484,11.8718,12.5484,13.1755,13.7506,14.2714,14.7358,15.1422,15.4887,15.7742,15.9973,16.1574,16.2537,16.2858,16.2537,16.1574,15.9973,15.7742,15.4887,15.1422,14.7358,14.2714,13.7506,13.1755,12.5484,11.8718,11.1484,10.381,9.57255,8.72637,7.84574,6.93416,5.9952,5.03259,4.05011,3.05165,2.04115,1.02259,0,
0,1.01246,2.02093,3.02143,4.01,4.98274,5.93582,6.86547,7.76803,8.63993,9.47773,10.2781,11.038,11.7542,12.4241,13.045,13.6143,14.13,14.5899,14.9922,15.3353,15.6179,15.8389,15.9973,16.0927,16.1245,16.0927,15.9973,15.8389,15.6179,15.3353,14.9922,14.5899,14.13,13.6143,13.045,12.4241,11.7542,11.038,10.2781,9.47773,8.63993,7.76803,6.86547,5.93582,4.98274,4.01,3.02143,2.02093,1.01246,0,
0,0.998339,1.99274,2.97927,3.95405,4.91322,5.85301,6.76969,7.65965,8.51939,9.34551,10.1347,10.884,11.5903,12.2508,12.863,13.4244,13.9329,14.3863,14.783,15.1213,15.4,15.6179,15.7742,15.8682,15.8995,15.8682,15.7742,15.6179,15.4,15.1213,14.783,14.3863,13.9329,13.4244,12.863,12.2508,11.5903,10.884,10.1347,9.34551,8.51939,7.65965,6.76969,5.85301,4.91322,3.95405,2.97927,1.99274,0.998339,0,
0,0.980274,1.95668,2.92536,3.8825,4.82432,5.74709,6.64719,7.52105,8.36523,9.1764,9.95135,10.687,11.3805,12.0291,12.6302,13.1815,13.6807,14.126,14.5155,14.8477,15.1213,15.3353,15.4887,15.581,15.6118,15.581,15.4887,15.3353,15.1213,14.8477,14.5155,14.126,13.6807,13.1815,12.6302,12.0291,11.3805,10.687,9.95135,9.1764,8.36523,7.52105,6.64719,5.74709,4.82432,3.8825,2.92536,1.95668,0.980274,0,
0,0.958341,1.9129,2.85991,3.79563,4.71637,5.6185,6.49846,7.35277,8.17806,8.97107,9.72869,10.4479,11.1259,11.76,12.3476,12.8866,13.3746,13.8099,14.1907,14.5155,14.783,14.9922,15.1422,15.2324,15.2625,15.2324,15.1422,14.9922,14.783,14.5155,14.1907,13.8099,13.3746,12.8866,12.3476,11.76,11.1259,10.4479,9.72869,8.97107,8.17806,7.35277,6.49846,5.6185,4.71637,3.79563,2.85991,1.9129,0.958341,0,
0,0.932625,1.86157,2.78317,3.69378,4.58981,5.46774,6.32408,7.15546,7.95861,8.73035,9.46763,10.1675,10.8273,11.4444,12.0163,12.5408,13.0157,13.4394,13.8099,14.126,14.3863,14.5899,14.7358,14.8236,14.853,14.8236,14.7358,14.5899,14.3863,14.126,13.8099,13.4394,13.0157,12.5408,12.0163,11.4444,10.8273,10.1675,9.46763,8.73035,7.95861,7.15546,6.32408,5.46774,4.58981,3.69378,2.78317,1.86157,0.932625,0,
0,0.903228,1.80289,2.69544,3.57735,4.44514,5.29539,6.12474,6.92992,7.70775,8.45516,9.16921,9.84706,10.4861,11.0837,11.6375,12.1455,12.6055,13.0157,13.3746,13.6807,13.9329,14.13,14.2714,14.3564,14.3848,14.3564,14.2714,14.13,13.9329,13.6807,13.3746,13.0157,12.6055,12.1455,11.6375,11.0837,10.4861,9.84706,9.16921,8.45516,7.70775,6.92992,6.12474,5.29539,4.44514,3.57735,2.69544,1.80289,0.903228,0,
0,0.870267,1.7371,2.59708,3.4468,4.28293,5.10215,5.90124,6.67703,7.42648,8.14661,8.8346,9.48772,10.1034,10.6792,11.2129,11.7023,12.1455,12.5408,12.8866,13.1815,13.4244,13.6143,13.7506,13.8325,13.8598,13.8325,13.7506,13.6143,13.4244,13.1815,12.8866,12.5408,12.1455,11.7023,11.2129,10.6792,10.1034,9.48772,8.8346,8.14661,7.42648,6.67703,5.90124,5.10215,4.28293,3.4468,2.59708,1.7371,0.870267,0,
0,0.833871,1.66445,2.48846,3.30265,4.10381,4.88877,5.65444,6.39779,7.11589,7.80591,8.46512,9.09093,9.68086,10.2326,10.7439,11.2129,11.6375,12.0163,12.3476,12.6302,12.863,13.045,13.1755,13.254,13.2802,13.254,13.1755,13.045,12.863,12.6302,12.3476,12.0163,11.6375,11.2129,10.7439,10.2326,9.68086,9.09093,8.46512,7.80591,7.11589,6.39779,5.65444,4.88877,4.10381,3.30265,2.48846,1.66445,0.833871,0,
0,0.794185,1.58523,2.37003,3.14547,3.9085,4.6561,5.38532,6.0933,6.77722,7.4344,8.06224,8.65826,9.22011,9.74557,10.2326,10.6792,11.0837,11.4444,11.76,12.0291,12.2508,12.4241,12.5484,12.6232,12.6482,12.6232,12.5484,12.4241,12.2508,12.0291,11.76,11.4444,11.0837,10.6792,10.2326,9.74557,9.22011,8.65826,8.06224,7.4344,6.77722,6.0933,5.38532,4.6561,3.9085,3.14547,2.37003,1.58523,0.794185,0,
0,0.751364,1.49976,2.24224,2.97587,3.69776,4.40505,5.09496,5.76476,6.41181,7.03355,7.62754,8.19142,8.72298,9.22011,9.68086,10.1034,10.4861,10.8273,11.1259,11.3805,11.5903,11.7542,11.8718,11.9426,11.9662,11.9426,11.8718,11.7542,11.5903,11.3805,11.1259,10.8273,10.4861,10.1034,9.68086,9.22011,8.72298,8.19142,7.62754,7.03355,6.41181,5.76476,5.09496,4.40505,3.69776,2.97587,2.24224,1.49976,0.751364,0,
0,0.705577,1.40837,2.1056,2.79453,3.47243,4.13662,4.78448,5.41347,6.02109,6.60495,7.16274,7.69226,8.19142,8.65826,9.09093,9.48772,9.84706,10.1675,10.4479,10.687,10.884,11.038,11.1484,11.2148,11.237,11.2148,11.1484,11.038,10.884,10.687,10.4479,10.1675,9.84706,9.48772,9.09093,8.65826,8.19142,7.69226,7.16274,6.60495,6.02109,5.41347,4.78448,4.13662,3.47243,2.79453,2.1056,1.40837,0.705577,0,
0,0.657007,1.31142,1.96066,2.60216,3.23339,3.85186,4.45513,5.04081,5.60661,6.15027,6.66967,7.16274,7.62754,8.06224,8.46512,8.8346,9.16921,9.46763,9.72869,9.95135,10.1347,10.2781,10.381,10.4428,10.4635,10.4428,10.381,10.2781,10.1347,9.95135,9.72869,9.46763,9.16921,8.8346,8.46512,8.06224,7.62754,7.16274,6.66967,6.15027,5.60661,5.04081,4.45513,3.85186,3.23339,2.60216,1.96066,1.31142,0.657007,0,
0,0.605843,1.20929,1.80797,2.39952,2.98159,3.5519,4.10819,4.64827,5.17,5.67133,6.15027,6.60495,7.03355,7.4344,7.80591,8.14661,8.45516,8.73035,8.97107,9.1764,9.34551,9.47773,9.57255,9.6296,9.64864,9.6296,9.57255,9.47773,9.34551,9.1764,8.97107,8.73035,8.45516,8.14661,7.80591,7.4344,7.03355,6.60495,6.15027,5.67133,5.17,4.64827,4.10819,3.5519,2.98159,2.39952,1.80797,1.20929,0.605843,0,
0,0.552288,1.1024,1.64815,2.18741,2.71803,3.23792,3.74504,4.23737,4.71299,5.17,5.60661,6.02109,6.41181,6.77722,7.11589,7.42648,7.70775,7.95861,8.17806,8.36523,8.51939,8.63993,8.72637,8.77837,8.79573,8.77837,8.72637,8.63993,8.51939,8.36523,8.17806,7.95861,7.70775,7.42648,7.11589,6.77722,6.41181,6.02109,5.60661,5.17,4.71299,4.23737,3.74504,3.23792,2.71803,2.18741,1.64815,1.1024,0.552288,0,
0,0.496554,0.991148,1.48183,1.96667,2.44374,2.91117,3.36711,3.80976,4.23737,4.64827,5.04081,5.41347,5.76476,6.0933,6.39779,6.67703,6.92992,7.15546,7.35277,7.52105,7.65965,7.76803,7.84574,7.8925,7.9081,7.8925,7.84574,7.76803,7.65965,7.52105,7.35277,7.15546,6.92992,6.67703,6.39779,6.0933,5.76476,5.41347,5.04081,4.64827,4.23737,3.80976,3.36711,2.91117,2.44374,1.96667,1.48183,0.991148,0.496554,0,
0,0.43886,0.875988,1.30966,1.73816,2.1598,2.57292,2.97589,3.36711,3.74504,4.10819,4.45513,4.78448,5.09496,5.38532,5.65444,5.90124,6.12474,6.32408,6.49846,6.64719,6.76969,6.86547,6.93416,6.97548,6.98927,6.97548,6.93416,6.86547,6.76969,6.64719,6.49846,6.32408,6.12474,5.90124,5.65444,5.38532,5.09496,4.78448,4.45513,4.10819,3.74504,3.36711,2.97589,2.57292,2.1598,1.73816,1.30966,0.875988,0.43886,0,
0,0.379434,0.75737,1.13232,1.5028,1.86734,2.22452,2.57292,2.91117,3.23792,3.5519,3.85186,4.13662,4.40505,4.6561,4.88877,5.10215,5.29539,5.46774,5.6185,5.74709,5.85301,5.93582,5.9952,6.03093,6.04285,6.03093,5.9952,5.93582,5.85301,5.74709,5.6185,5.46774,5.29539,5.10215,4.88877,4.6561,4.40505,4.13662,3.85186,3.5519,3.23792,2.91117,2.57292,2.22452,1.86734,1.5028,1.13232,0.75737,0.379434,0,
0,0.31851,0.635764,0.950508,1.2615,1.56752,1.86734,2.1598,2.44374,2.71803,2.98159,3.23339,3.47243,3.69776,3.9085,4.10381,4.28293,4.44514,4.58981,4.71637,4.82432,4.91322,4.98274,5.03259,5.06258,5.07259,5.06258,5.03259,4.98274,4.91322,4.82432,4.71637,4.58981,4.44514,4.28293,4.10381,3.9085,3.69776,3.47243,3.23339,2.98159,2.71803,2.44374,2.1598,1.86734,1.56752,1.2615,0.950508,0.635764,0.31851,0,
0,0.25633,0.511648,0.764948,1.01523,1.2615,1.5028,1.73816,1.96667,2.18741,2.39952,2.60216,2.79453,2.97587,3.14547,3.30265,3.4468,3.57735,3.69378,3.79563,3.8825,3.95405,4.01,4.05011,4.07425,4.0823,4.07425,4.05011,4.01,3.95405,3.8825,3.79563,3.69378,3.57735,3.4468,3.30265,3.14547,2.97587,2.79453,2.60216,2.39952,2.18741,1.96667,1.73816,1.5028,1.2615,1.01523,0.764948,0.511648,0.25633,0,
0,0.193138,0.385514,0.576368,0.764948,0.950508,1.13232,1.30966,1.48183,1.64815,1.80797,1.96066,2.1056,2.24224,2.37003,2.48846,2.59708,2.69544,2.78317,2.85991,2.92536,2.97927,3.02143,3.05165,3.06984,3.07591,3.06984,3.05165,3.02143,2.97927,2.92536,2.85991,2.78317,2.69544,2.59708,2.48846,2.37003,2.24224,2.1056,1.96066,1.80797,1.64815,1.48183,1.30966,1.13232,0.950508,0.764948,0.576368,0.385514,0.193138,0,
0,0.129184,0.257857,0.385514,0.511648,0.635764,0.75737,0.875988,0.991148,1.1024,1.20929,1.31142,1.40837,1.49976,1.58523,1.66445,1.7371,1.80289,1.86157,1.9129,1.95668,1.99274,2.02093,2.04115,2.05332,2.05738,2.05332,2.04115,2.02093,1.99274,1.95668,1.9129,1.86157,1.80289,1.7371,1.66445,1.58523,1.49976,1.40837,1.31142,1.20929,1.1024,0.991148,0.875988,0.75737,0.635764,0.511648,0.385514,0.257857,0.129184,0,
0,0.0647195,0.129184,0.193138,0.25633,0.31851,0.379434,0.43886,0.496554,0.552288,0.605843,0.657007,0.705577,0.751364,0.794185,0.833871,0.870267,0.903228,0.932625,0.958341,0.980274,0.998339,1.01246,1.02259,1.02869,1.03072,1.02869,1.02259,1.01246,0.998339,0.980274,0.958341,0.932625,0.903228,0.870267,0.833871,0.794185,0.751364,0.705577,0.657007,0.605843,0.552288,0.496554,0.43886,0.379434,0.31851,0.25633,0.193138,0.129184,0.0647195,0,
0,0,0,0,0,0,0,0,0,0,0,0,0,0,0,0,0,0,0,0,0,0,0,0,0,0,0,0,0,0,0,0,0,0,0,0,0,0,0,0,0,0,0,0,0,0,0,0,0,0,0
Time = 0.02
0,0,0,0,0,0,0,0,0,0,0,0,0,0,0,0,0,0,0,0,0,0,0,0,0,0,0,0,0,0,0,0,0,0,0,0,0,0,0,0,0,0,0,0,0,0,0,0,0,0,0,
0,0.0531193,0.106029,0.15852,0.210386,0.261421,0.311425,0.360199,0.407553,0.453297,0.497253,0.539246,0.579111,0.616691,0.651836,0.68441,0.714282,0.741335,0.765463,0.78657,0.804572,0.819399,0.830992,0.839306,0.844308,0.845977,0.844308,0.839306,0.830992,0.819399,0.804572,0.78657,0.765463,0.741335,0.714282,0.68441,0.651836,0.616691,0.579111,0.539246,0.497253,0.453297,0.407553,0.360199,0.311425,0.261421,0.210386,0.15852,0.106029,0.0531193,0,
