Time = 0.0025
0,0,0,0,0,0,0,0,0,0,0,
0,1.81636,3.45492,4.75528,5.59017,5.87785,5.59017,4.75528,3.45492,1.81636,0,
0,3.45492,6.57164,9.04508,10.6331,11.1803,10.6331,9.04508,6.57164,3.45492,0,
0,4.75528,9.04508,12.4495,14.6353,15.3884,14.6353,12.4495,9.04508,4.75528,0,
0,5.59017,10.6331,14.6353,17.2048,18.0902,17.2048,14.6353,10.6331,5.59017,0,
0,5.87785,11.1803,15.3884,18.0902,19.0211,18.0902,15.3884,11.1803,5.87785,0,
0,5.59017,10.6331,14.6353,17.2048,18.0902,17.2048,14.6353,10.6331,5.59017,0,
0,4.75528,9.04508,12.4495,14.6353,15.3884,14.6353,12.4495,9.04508,4.75528,0,
0,3.45492,6.57164,9.04508,10.6331,11.1803,10.6331,9.04508,6.57164,3.45492,0,
0,1.81636,3.45492,4.75528,5.59017,5.87785,5.59017,4.75528,3.45492,1.81636,0,
0,0,0,0,0,0,0,0,0,0,0
Time = 0.025
0,0,0,0,0,0,0,0,0,0,0,
0,1.15627,2.19935,3.02715,3.55862,3.74176,3.55862,3.02715,2.19935,1.15627,0,
0,2.19935,4.18341,5.75797,6.7689,7.11725,6.7689,5.75797,4.18341,2.19935,0,
0,3.02715,5.75797,7.92517,9.3166,9.79605,9.3166,7.92517,5.75797,3.02715,0,
0,3.55862,6.7689,9.3166,10.9523,11.5159,10.9523,9.3166,6.7689,3.55862,0,
0,3.74176,7.11725,9.79605,11.5159,12.1086,11.5159,9.79605,7.11725,3.74176,0,
0,3.55862,6.7689,9.3166,10.9523,11.5159,10.9523,9.3166,6.7689,3.55862,0,
0,3.02715,5.75797,7.92517,9.3166,9.79605,9.3166,7.92517,5.75797,3.02715,0,
0,2.19935,4.18341,5.75797,6.7689,7.11725,6.7689,5.75797,4.18341,2.19935,0,
0,1.15627,2.19935,3.02715,3.55862,3.74176,3.55862,3.02715,2.19935,1.15627,0,
0,0,0,0,0,0,0,0,0,0,0
Time = 0.05
0,0,0,0,0,0,0,0,0,0,0,
0,0.700037,1.33155,1.83272,2.15449,2.26537,2.15449,1.83272,1.33155,0.700037,0,
0,1.33155,2.53276,3.48604,4.09809,4.30899,4.09809,3.48604,2.53276,1.33155,0,
0,1.83272,3.48604,4.79813,5.64054,5.93081,5.64054,4.79813,3.48604,1.83272,0,
0,2.15449,4.09809,5.64054,6.63085,6.97209,6.63085,5.64054,4.09809,2.15449,0,
0,2.26537,4.30899,5.93081,6.97209,7.33089,6.97209,5.93081,4.30899,2.26537,0,
0,2.15449,4.09809,5.64054,6.63085,6.97209,6.63085,5.64054,4.09809,2.15449,0,
0,1.83272,3.48604,4.79813,5.64054,5.93081,5.64054,4.79813,3.48604,1.83272,0,
0,1.33155,2.53276,3.48604,4.09809,4.30899,4.09809,3.48604,2.53276,1.33155,0,
0,0.700037,1.33155,1.83272,2.15449,2.26537,2.15449,1.83272,1.33155,0.700037,0,
0,0,0,0,0,0,0,0,0,0,0
Time = 0.075
0,0,0,0,0,0,0,0,0,0,0,
0,0.423823,0.806159,1.10958,1.30439,1.37152,1.30439,1.10958,0.806159,0.423823,0,
0,0.806159,1.53341,2.11055,2.4811,2.60879,2.4811,2.11055,1.53341,0.806159,0,
0,1.10958,2.11055,2.90493,3.41495,3.59069,3.41495,2.90493,2.11055,1.10958,0,
0,1.30439,2.4811,3.41495,4.01451,4.2211,4.01451,3.41495,2.4811,1.30439,0,
0,1.37152,2.60879,3.59069,4.2211,4.43833,4.2211,3.59069,2.60879,1.37152,0,
0,1.30439,2.4811,3.41495,4.01451,4.2211,4.01451,3.41495,2.4811,1.30439,0,
0,1.10958,2.11055,2.90493,3.41495,3.59069,3.41495,2.90493,2.11055,1.10958,0,
0,0.806159,1.53341,2.11055,2.4811,2.60879,2.4811,2.11055,1.53341,0.806159,0,
0,0.423823,0.806159,1.10958,1.30439,1.37152,1.30439,1.10958,0.806159,0.423823,0,
0,0,0,0,0,0,0,0,0,0,0
Time = 0.1
0,0,0,0,0,0,0,0,0,0,0,
0,0.256595,0.488072,0.671774,0.789717,0.830358,0.789717,0.671774,0.488072,0.256595,0,
0,0.488072,0.928368,1.27779,1.50213,1.57943,1.50213,1.27779,0.928368,0.488072,0,
0,0.671774,1.27779,1.75873,2.06751,2.17391,2.06751,1.75873,1.27779,0.671774,0,
0,0.789717,1.50213,2.06751,2.4305,2.55558,2.4305,2.06751,1.50213,0.789717,0,
0,0.830358,1.57943,2.17391,2.55558,2.68709,2.55558,2.17391,1.57943,0.830358,0,
0,0.789717,1.50213,2.06751,2.4305,2.55558,2.4305,2.06751,1.50213,0.789717,0,
0,0.671774,1.27779,1.75873,2.06751,2.17391,2.06751,1.75873,1.27779,0.671774,0,
0,0.488072,0.928368,1.27779,1.50213,1.57943,1.50213,1.27779,0.928368,0.488072,0,
0,0.256595,0.488072,0.671774,0.789717,0.830358,0.789717,0.671774,0.488072,0.256595,0,
0,0,0,0,0,0,0,0,0,0,0
Time = 0.125
0,0,0,0,0,0,0,0,0,0,0,
0,0.15535,0.295493,0.406711,0.478118,0.502723,0.478118,0.406711,0.295493,0.15535,0,
0,0.295493,0.562061,0.773611,0.909434,0.956236,0.909434,0.773611,0.562061,0.295493,0,
0,0.406711,0.773611,1.06478,1.25173,1.31615,1.25173,1.06478,0.773611,0.406711,0,
0,0.478118,0.909434,1.25173,1.4715,1.54722,1.4715,1.25173,0.909434,0.478118,0,
0,0.502723,0.956236,1.31615,1.54722,1.62685,1.54722,1.31615,0.956236,0.502723,0,
0,0.478118,0.909434,1.25173,1.4715,1.54722,1.4715,1.25173,0.909434,0.478118,0,
0,0.406711,0.773611,1.06478,1.25173,1.31615,1.25173,1.06478,0.773611,0.406711,0,
0,0.295493,0.562061,0.773611,0.909434,0.956236,0.909434,0.773611,0.562061,0.295493,0,
0,0.15535,0.295493,0.406711,0.478118,0.502723,0.478118,0.406711,0.295493,0.15535,0,
0,0,0,0,0,0,0,0,0,0,0
Time = 0.15
0,0,0,0,0,0,0,0,0,0,0,
0,0.0940533,0.1789,0.246235,0.289466,0.304363,0.289466,0.246235,0.1789,0.0940533,0,
0,0.1789,0.340288,0.468367,0.550598,0.578933,0.550598,0.468367,0.340288,0.1789,0,
0,0.246235,0.468367,0.644651,0.757833,0.796833,0.757833,0.644651,0.468367,0.246235,0,
0,0.289466,0.550598,0.757833,0.890886,0.936733,0.890886,0.757833,0.550598,0.289466,0,
0,0.304363,0.578933,0.796833,0.936733,0.984939,0.936733,0.796833,0.578933,0.304363,0,
0,0.289466,0.550598,0.757833,0.890886,0.936733,0.890886,0.757833,0.550598,0.289466,0,
0,0.246235,0.468367,0.644651,0.757833,0.796833,0.757833,0.644651,0.468367,0.246235,0,
0,0.1789,0.340288,0.468367,0.550598,0.578933,0.550598,0.468367,0.340288,0.1789,0,
0,0.0940533,0.1789,0.246235,0.289466,0.304363,0.289466,0.246235,0.1789,0.0940533,0,
0,0,0,0,0,0,0,0,0,0,0
Time = 0.175
0,0,0,0,0,0,0,0,0,0,0,
0,0.0569426,0.108311,0.149078,0.175251,0.18427,0.175251,0.149078,0.108311,0.0569426,0,
0,0.108311,0.20602,0.283563,0.333348,0.350503,0.333348,0.283563,0.20602,0.108311,0,
0,0.149078,0.283563,0.390291,0.458814,0.482426,0.458814,0.390291,0.283563,0.149078,0,
0,0.175251,0.333348,0.458814,0.539368,0.567125,0.539368,0.458814,0.333348,0.175251,0,
0,0.18427,0.350503,0.482426,0.567125,0.596311,0.567125,0.482426,0.350503,0.18427,0,
0,0.175251,0.333348,0.458814,0.539368,0.567125,0.539368,0.458814,0.333348,0.175251,0,
0,0.149078,0.283563,0.390291,0.458814,0.482426,0.458814,0.390291,0.283563,0.149078,0,
0,0.108311,0.20602,0.283563,0.333348,0.350503,0.333348,0.283563,0.20602,0.108311,0,
0,0.0569426,0.108311,0.149078,0.175251,0.18427,0.175251,0.149078,0.108311,0.0569426,0,
0,0,0,0,0,0,0,0,0,0,0
Time = 0.2
0,0,0,0,0,0,0,0,0,0,0,
0,0.0344747,0.0655748,0.090256,0.106102,0.111563,0.106102,0.090256,0.0655748,0.0344747,0,
0,0.0655748,0.124731,0.171677,0.201819,0.212205,0.201819,0.171677,0.124731,0.0655748,0,
0,0.090256,0.171677,0.236293,0.277779,0.292075,0.277779,0.236293,0.171677,0.090256,0,
0,0.106102,0.201819,0.277779,0.326549,0.343354,0.326549,0.277779,0.201819,0.106102,0,
0,0.111563,0.212205,0.292075,0.343354,0.361024,0.343354,0.292075,0.212205,0.111563,0,
0,0.106102,0.201819,0.277779,0.326549,0.343354,0.326549,0.277779,0.201819,0.106102,0,
0,0.090256,0.171677,0.236293,0.277779,0.292075,0.277779,0.236293,0.171677,0.090256,0,
0,0.0655748,0.124731,0.171677,0.201819,0.212205,0.201819,0.171677,0.124731,0.0655748,0,
0,0.0344747,0.0655748,0.090256,0.106102,0.111563,0.106102,0.090256,0.0655748,0.0344747,0,
0,0,0,0,0,0,0,0,0,0,0
Time = 0.225
0,0,0,0,0,0,0,0,0,0,0,
0,0.020872,0.0397009,0.0546436,0.0642374,0.0675432,0.0642374,0.0546436,0.0397009,0.020872,0,
0,0.0397009,0.0755156,0.103938,0.122187,0.128475,0.122187,0.103938,0.0755156,0.0397009,0,
0,0.0546436,0.103938,0.143059,0.168176,0.17683,0.168176,0.143059,0.103938,0.0546436,0,
0,0.0642374,0.122187,0.168176,0.197702,0.207877,0.197702,0.168176,0.122187,0.0642374,0,
0,0.0675432,0.128475,0.17683,0.207877,0.218574,0.207877,0.17683,0.128475,0.0675432,0,
0,0.0642374,0.122187,0.168176,0.197702,0.207877,0.197702,0.168176,0.122187,0.0642374,0,
0,0.0546436,0.103938,0.143059,0.168176,0.17683,0.168176,0.143059,0.103938,0.0546436,0,
0,0.0397009,0.0755156,0.103938,0.122187,0.128475,0.122187,0.103938,0.0755156,0.0397009,0,
0,0.020872,0.0397009,0.0546436,0.0642374,0.0675432,0.0642374,0.0546436,0.0397009,0.020872,0,
0,0,0,0,0,0,0,0,0,0,0
Time = 0.25
0,0,0,0,0,0,0,0,0,0,0,
0,0.0126365,0.0240361,0.0330828,0.0388912,0.0408926,0.0388912,0.0330828,0.0240361,0.0126365,0,
0,0.0240361,0.0457193,0.0629273,0.0739754,0.0777824,0.0739754,0.0629273,0.0457193,0.0240361,0,
0,0.0330828,0.0629273,0.086612,0.101818,0.107058,0.101818,0.086612,0.0629273,0.0330828,0,
0,0.0388912,0.0739754,0.101818,0.119695,0.125855,0.119695,0.101818,0.0739754,0.0388912,0,
0,0.0408926,0.0777824,0.107058,0.125855,0.132331,0.125855,0.107058,0.0777824,0.0408926,0,
0,0.0388912,0.0739754,0.101818,0.119695,0.125855,0.119695,0.101818,0.0739754,0.0388912,0,
0,0.0330828,0.0629273,0.086612,0.101818,0.107058,0.101818,0.086612,0.0629273,0.0330828,0,
0,0.0240361,0.0457193,0.0629273,0.0739754,0.0777824,0.0739754,0.0629273,0.0457193,0.0240361,0,
0,0.0126365,0.0240361,0.0330828,0.0388912,0.0408926,0.0388912,0.0330828,0.0240361,0.0126365,0,
0,0,0,0,0,0,0,0,0,0,0
